1.99512629686488
1.88549486019695
0.55924040582855
1.17683368994382
2.26579276601769
0.930860133309275
1.1439787599413
1.00158889767541
1.27816358846904
0.627237593610203
0.77780311572384
1.02269844971283
0.983346812829955
2.45500423920749
1.30247031816831
0.652177115514653
1.93815149020661
1.98539225313131
0.675796710960771
1.91623909259144
2.14307580179827
1.77821652351201
1.19029265469727
1.34008607595845
1.42643256420998
0.543918824513157
1.72004174837652
0.730020598321341
0.938101349378356
0.181540332839013
1.51166650403889
0.966670386336403
1.84549662440654
0.468752053748258
1.45398018971059
0.757830661672947
0.406583424752642
0.891277104565073
0.593713238165666
1.56387783103649
1.43529569298788
1.71271703735757
1.44012099534021
0.259645942388677
1.49018814905922
0.605752067861906
1.51261591011821
1.2414514293378
0.180652370876306
1.21590810840235
1.93418165544238
0.536840818154377
1.0101179635657
1.54010441741919
1.49327984501496
0.248638623781724
0.808737664425036
1.54952634203591
1.24443208076014
0.756268600551371
1.36024780920635
0.854398895552209
1.16686733394643
1.27829825110981
1.39744414997374
1.73644439766954
1.22377080794961
1.42693470131296
0.911529587289859
1.71946493622366
1.23757273565448
0.54106608099936
1.35055136268619
0.868846558400816
0.962697050052451
1.3914737958513
0.745329906510058
0.953282928488989
0.908113257197308
1.14139339662133
1.03857728481828
1.09452378147631
1.13943137436406
1.19168312877627
0.490505404668412
1.02405040415997
0.0591028320172449
0.758380877177418
0.879826658825313
0.317878759544827
0.444790739205988
0.858217965066327
1.43182021880863
1.56021964351581
0.3648147874388
0.838821298404824
0.654386543662159
0.112331224394258
0.187506358100033
0.69450913685454
0.373602471610971
0.450199452594697
0.149937464402103
0.840699966751622
1.61200490076926
1.02537981629047
0.851791845204436
0.62911898630351
0.403392624194199
0.555916204499403
0.629252316915502
0.80627590531632
0.703234360070596
1.42850677167982
1.02419109633594
1.23454747152781
0.291117336195349
0.67523824917512
0.189482459802075
0.0852373397585628
0.875462555681298
1.02204099549876
0.998631923473742
0.730765749987072
0.483181518113159
0.908153674542125
0.202038384508814
0.564322706587057
0.839027894105511
0.0913484140595528
0.809642662692992
0.514479751591055
0.598152574268214
Inf
0.372094485032678
1.12839690695463
Inf
0.857683576664382
0.62675084400396
1.05553698774805
0.463433289952642
0.632758429040754
1.28342670382198
0.333162292595377
0.216473408704442
1.30911652420969
0.876554896235522
0.231596521202703
1.0158223861154
0.886989444876239
0.728327059607106
0.536759417758572
0.558148668899974
Inf
0.663974181476379
0.345536703273948
0.565149236190147
Inf
0.95077629410306
0.828316842027003
1.16071721871959
0.220954463663495
0.437954599580174
0.213233932923932
0.125467361692191
0.777417347820198
0.980571745436539
0.766027984207843
0.960735783244671
0.177484039657587
0.368264498670266
0.491261284578138
Inf
0.33353664087451
0.140208340050402
Inf
0.653100592403245
0.922833399293316
0.507467643995104
0.992242620677783
0.747625895352844
0.335641095156957
0.357619379676051
0.530597996305479
0.41775073338526
0.893697537090631
0.402434629329979
0.67122002324653
0.899718391709621
0.0928084464296288
0.837125548130239
0.136920049817471
0.928517590136179
1.34525639357849
0.787259425647253
Inf
1.03804044861422
0.0508255217338295
0.600448648721785
Inf
0.369397630145262
0.90951585015888
0.179963375151482
0.213480788327814
0.352923297273048
0.918941467291657
0.410754037313004
0.525053786916571
0.500012361526178
0.965920883622979
0.160172681323972
0.567397415223724
Inf
Inf
0.0995941208319443
0.241843799878414
0.0962831879441087
1.05824082035898
0.636625326032969
0.108830950027061
0.0805866462926752
0.170542320064255
0.431960061013625
0.141794036014576
0.428843512948311
0.369104379152424
1.4228770675616
Inf
0.140654998506666
0.0909114511986048
0.844218157819257
0.414699210695187
Inf
0.142326501745488
0.102570780735933
0.800506576612834
0.378429257271419
0.34970699824966
Inf
0.205425890245555
Inf
0.695111968261929
0.107334612030804
0.102251560480035
0.0963764107993047
0.228124742622519
0.101920120871401
0.927083086763759
0.741973809220656
0.614146712144746
0.0442192670061516
0.0757001097007697
0.444563661349179
0.14632292058644
0.936368080842367
0.130260812614098
0.160168738792648
Inf
0.342195630926394
Inf
Inf
0.354881642692062
0.695809144018178
0.41666094496836
0.60840876785156
0.914016382601559
0.615680445998548
0.239648735440275
0.208702936334602
Inf
0.111230818839272
0.328035584138218
0.087280464731587
0.109621604459869
0.369036194566517
0.537422669801578
0.195973924592883
0.597570956433851
0.339790881914262
Inf
0.596797032690747
0.106102548194817
0.986745151223605
0.461849643610381
0.235615169769813
Inf
0.464723934181526
0.503296653019492
0.647081093522122
0.39613197158329
Inf
0.222177964509467
0.573084532633074
0.15080362944826
0.196705824583601
0.26777709757806
0.231431035699415
Inf
0.0848437836716603
0.63505371935821
Inf
0.310553686150547
0.244362611894206
0.485194224289649
0.214289904150599
0.119446201704176
0.257789422867039
1.12898930902609
0.198830379721832
0.515412693203347
0.087981007896122
0.329390725855016
0.128170091646876
0.470671183319328
0.491678317370437
0.245052463227434
0.518937998064835
0.119578189381559
0.160326289201802
0.629879382900617
0.147251101704824
0.513021613358809
0.144767425043024
0.342358734982725
0.307042348126753
0.212249708081111
0.0317229530555151
0.157781765831578
0.134020928897875
0.433343745038546
Inf
0.102785912217381
0.441353998605931
0.755546753892663
Inf
0.698474109222276
0.445282256846955
Inf
0.120862752402904
1.0559487097277
0.353062228658169
0.285093127428556
0.257142945196928
0.0834232578538755
Inf
0.229155590671721
Inf
0.301745993630879
0.265852652170704
0.309244312776223
0.550587324410505
Inf
0.196936374229408
0.137779908272392
0.317538513390261
Inf
0.0841887034598045
0.141643527574894
0.0928026094494068
0.802904013052816
Inf
Inf
0.234067139185716
0.470282310059781
0.06725342393123
0.174365175555582
0.301721643318361
0.320075632983946
0.32948390818868
0.16648161642931
0.30287043403892
0.426050955723858
0.104025575772199
0.261492816220645
0.124872092035776
0.114166816836569
0.144306055702284
0.0602574583917322
Inf
0.0670454688493268
Inf
0.268442699125353
Inf
Inf
0.612984241226946
0.248252839193362
0.969415606255819
0.166569943263437
0.195497962522751
0.152914200512225
0.364984355236841
0.0739982404007107
0.139107797013759
0.86721196961538
0.243398847759688
Inf
0.170949513015412
0.415023446157637
Inf
0.142857400972969
Inf
0.448088294965834
0.538991672682339
0.118280115432534
0.488615914150563
0.70495402293327
0.114737621533813
0.0926749064687916
0.128472566613267
0.408605402697838
0.0694897400184144
0.18661185009793
0.109011472720311
0.387528960632166
0.231811830665649
0.0478070069656906
0.410292700752077
0.340892691738221
Inf
Inf
Inf
Inf
0.0634194841526888
0.0465458783155251
0.347914077811174
Inf
0.313229710746879
0.300918313448223
0.109876747006254
0.776538854181888
Inf
0.371742722198493
0.124938595069378
0.173266453985302
0.139776071868891
Inf
0.410404682370913
0.083315339191039
0.512716429932075
0.177210750631714
0.201780460492299
0.0508958430589266
0.0799170536520755
0.0845367448132481
Inf
0.104983055339315
0.452730117820551
0.0954229912669134
0.090477903129315
0.353991426861494
0.175080982670228
0.161568832223298
0.145777511727562
0.104211857154044
0.336308625891147
0.115653099129045
0.397962058885265
0.361027546868116
0.11349736278027
0.423236128410623
Inf
0.272692847057706
Inf
0.240256994084795
0.716006680658039
0.0890922703152134
0.131058221148438
Inf
0.103562065823409
0.110507513193267
0.853007989088146
0.098193539202508
0.0522756722702714
0.287556931715285
0.132954590475074
0.396881174832968
0.179540321951964
Inf
0.0962136240581586
0.48780969265016
0.125530276266538
0.0327041013955487
0.458171816125003
0.831923612690996
0.579259719840702
0.481335053738546
0.0587248747323873
0.189680068645572
0.0862840479296978
0.698562138016474
Inf
Inf
0.580970676315129
Inf
0.0902474505402222
0.294467991308755
Inf
0.434264857344415
0.0436960756788964
0.749510473678441
0.0561370366580715
0.0183581324902749
0.354582483821383
0.660163708005941
0.165360084695779
0.502441023343418
0.527948457463137
