1.21053687526418 -0.743703683702754 -0.536292687486341 3
-0.420657459615107 -1.01471795292034 -1.49737298046954 25
-1.81853612743754 -0.947022981158426 1.55289260376084 19
1.16105223513685 -0.74285853606073 -0.56280721333163 3
-1.78245266138141 -0.555534658237528 1.40250028048015 19
-2.80760765866637 -0.478950334826271 -1.7425114767384 25
-2.10466046735313 -1.05661896218927 -1.44823019729353 14
0.542667659075529 2.23444915012951 2.52830442988673 13
-2.35136209971432 -1.17967960213072 0.721811796455812 19
2.51456266372228 1.30560881339746 1.46234311956843 5
2.03167405710562 2.11583008775666 2.20047304642329 5
-0.851068764971996 -2.58756470696327 1.86024787142091 1
-0.994965756711772 -1.21446970104619 -0.10942610779684 39
-1.92311445514153 -1.07284722768322 2.15483905712172 19
-1.88234198750239 -0.835280137374937 -2.36224798618685 39
1.07585530326608 2.76238532768047 2.23024965597108 13
1.88583260827409 1.42988416058841 2.35348120937452 5
-1.02376132959756 -1.92046939952024 -1.81222617190959 25
-0.20378100381755 2.85484088503734 0.633787512702081 42
-3.49227118763887 1.18652597153667 -0.0764858795369166 20
2.27665439119319 1.99390983892371 1.67650837276029 5
1.93793180612614 1.9695977649142 0.0283495762704661 22
-2.63440698669236 0.806426321153552 1.33803179606966 37
-1.56230213645688 1.02015075562029 2.28379023226977 19
-0.85431923860297 -0.213915009677116 -1.32262292210881 32
-2.98295596863711 -0.0256487547409006 -2.25769589947517 25
1.78447112238236 -0.322017518402625 -1.17336348187462 6
1.27093259395197 -0.435305673744106 1.14805488138808 4
1.39904770754417 2.90811693312402 1.845841284071 13
-1.88177363744417 1.25225850317485 -0.46420193906765 41
0.194808106062776 0.0485260865287305 2.3695980492623 4
-1.86250698611208 0.0733814051211362 -2.54378441620541 24
-3.33066547930317 -0.588856086632029 -1.81429637868542 39
-3.80573205177195 0.919779218601483 -0.955207852891039 24
-0.558284128656596 2.14424515731456 1.46886674217998 15
-0.644655462389298 -1.31171604329467 -0.150287013962718 39
-2.2696041814185 0.324296287397705 1.63107078065321 19
-0.522510914765376 -0.974687306624373 -1.03721921499205 22
-3.38975287539337 0.966800459433233 0.0426690901100455 24
-2.65329302771346 0.398392222420094 -2.06703557784345 32
0.485821882612823 -0.537296441253832 0.5767410844272 8
-1.72545271300152 2.01684858469681 -0.590357798975787 17
1.84673513214342 0.242082100950124 1.60544110018822 9
-0.0410972306917484 2.08094979746203 1.48339845980925 15
0.308469818682937 1.94824197915122 -1.068303239086 12
0.0224527164449155 -0.946150049729848 1.15203256987036 23
-3.86167235234126 1.79681558001686 -0.0502693627467261 24
-0.911161040221211 -0.113083524343267 0.226051526622246 31
-2.34526143692367 1.59008282852535 1.81451869630687 37
1.13377957154619 -0.827076439947296 1.41350151495799 9
1.46529877110697 2.76591220497033 2.15458288122495 13
-1.18078235513337 -1.0973752818091 1.44365166625009 19
-0.107073647700892 -0.386921887399279 0.331940976952642 4
-1.82931135006068 2.76967801854866 0.552007968093181 29
0.0194252475386745 0.403886683252068 0.016679160902947 4
-1.5987657216819 0.620884433091912 1.42820709020544 37
-0.713527142188332 -2.57596922493158 1.87565914001919 1
1.22648940387758 -0.591555784776292 -0.762135650995439 3
-0.509022771099597 2.92477542851497 -0.622052212593229 42
2.00772844930237 1.58267055476042 0.0689285191601521 22
0.802574623439247 3.16632016234399 1.56371110349384 13
-2.47719975096276 -0.860552711237241 -1.43653915345457 25
-0.215514560740791 -0.680898036169408 -0.88940099444661 22
0.11052061737187 2.86908093273407 1.72632882376085 15
-1.96189550450052 -2.33219762494786 -1.48423802502214 25
-2.88059831781985 0.433162009242125 1.43168727505556 14
1.03722078249066 -0.960586511825474 0.0726470756045496 8
3.06737841770119 1.65110771323195 0.754788425876448 5
0.804558108290904 -0.159119502028528 0.0367377425719484 3
-0.497371566765232 -1.56722649654828 0.916595073757026 19
-2.08642482837782 -2.16392383278281 -0.975463172645012 38
0.996508355739527 -0.129949542182027 -0.576433238674935 7
-1.81708079879292 1.21754444294938 -0.725484276327649 41
-1.99852409106614 0.472829267333865 1.38356958067487 37
-2.20364201754661 -1.3226214465429 -0.0102357769733602 23
-0.713955810368742 -0.0355444294416117 -1.17120888167774 22
2.23972232631322 1.58112476086078 0.496252027122781 5
-2.85510854854247 0.095902155641082 1.48993618963095 19
-0.445951869137395 -0.61366975912607 -0.0819153374025011 2
1.42486087964748 0.330700413074505 0.244998142399469 4
-0.235902798618974 -0.161882115395736 -3.28587598111551 3
-0.0038636726757338 0.0383910567713845 -2.81330564440987 25
-0.114894662605898 3.71250759396042 -0.0698784505466178 21
-2.06591137374423 -2.90413075026482 -0.876922810035894 38
-1.26856458629167 -0.24749899356312 1.09108924883243 31
1.02108953330311 1.48802655732098 -0.372860561578894 6
-3.53833646018305 0.959826623088648 -1.36349531245569 24
-3.40547895706642 1.25397947444825 -0.0179107116686141 20
-0.00188924433319766 1.76897476325515 -1.27738321455594 18
-1.46391844547544 -1.10552819957214 -2.49290721248416 25
-2.072098348245 -1.23994751476565 -1.93922749949888 25
0.391316073801144 -1.26945591505834 1.48628858406382 9
-2.4065988204597 -0.95125530311788 0.228856907849968 24
0.803091934255022 0.206077112501092 -0.55885346050352 17
-0.0927948025729435 -1.78259543303776 0.144675656360623 39
-1.68545893868894 -0.493403982800264 -2.60159218424849 25
0.149133335383285 -0.263867437812726 0.0617139862073638 4
1.54246614907747 -1.30523543996673 0.795888869695818 34
0.242671898644433 -0.670952536690927 0.72096674037165 8
-2.25616376139482 0.717634285275368 -2.00433250642801 32
0.444849023951811 -0.840057356979904 0.689030594781476 8
-0.952582335592325 -0.108081890049739 0.24747184125942 31
0.546179821499348 -0.852585138833528 1.5041595378931 11
0.37521178407236 1.08857779349148 -2.16700771154967 25
0.29937299513564 2.11847523021007 1.52369035985733 15
-1.47467526979986 2.73912612090879 0.365762587425443 19
-3.32368238234938 0.176599805102945 0.479254134800631 14
-2.24191720254948 -0.155498426018208 -0.809077174959544 22
-0.524241457327848 0.419372973824298 -2.50204186473041 25
-0.686970123804594 0.140501906785393 -3.073673431707 25
1.95304397876215 0.916516873737481 2.04707642498262 12
-0.289744921000246 3.20349207046713 0.649832606777778 18
2.7091821322833 2.48422624003501 1.02833619733118 5
-0.364171936823817 2.80730807952795 1.26685435431431 18
0.634823175077187 -0.0785393030464011 -0.845667840072492 7
-0.829075835636318 1.10773242535176 1.02667870300768 36
1.32577717519582 -0.217048349311283 -0.71110475598925 7
0.72497022490758 2.30886409447493 1.34467397521581 15
0.87033801524061 3.47487887868089 1.55865428487744 13
-0.236962365827894 -0.391522468063304 0.505471610709568 4
1.02351249698094 -1.19427791255642 -2.21654465799906 25
2.60825351236657 0.76572576421584 0.961035277917992 6
0.188600478169629 -0.113838928440298 -1.13396600316262 22
-1.39864923552967 0.968991831989934 -1.1680215061011 30
0.197320563213921 2.14664029696165 1.46998157474439 15
-2.74548891460453 0.314714591260016 2.26263432354208 37
-1.51402849558388 -1.0778425903296 1.0527198421403 38
-3.13318389717982 -1.12565666404615 -0.449215927775996 19
-2.36662355267834 1.2668777391847 1.81943127910339 37
0.524883619502398 0.0297507345064752 -0.520476891180669 7
-1.52921389570214 1.25835616637212 1.2618647245057 15
1.68644592827261 -1.63085150006028 0.828845744086822 8
1.18062399886521 -0.145169720280253 -0.823886072677262 7
-0.170232348498089 2.92408918673027 -0.394505277943371 21
-0.453823076163973 -1.89137543525354 1.9996136191142 1
0.181942692532536 1.66225552094669 -1.42907923564684 12
0.611102764948313 -0.13500813831841 -0.582822839801756 7
-2.04974275381328 -1.76490188857218 0.0557101829413709 24
1.25944780269337 -0.976034380628483 0.0924322240083051 8
-0.964547759420677 -0.156389691233068 -1.75363437937875 23
1.13450520829607 2.99857621674703 0.318565045602329 21
-2.00242967816393 2.35210720434135 0.931577294258889 29
-1.7718391248361 0.11924101497602 -1.9758166183077 25
2.04025595942932 1.28631491374609 0.52914407822868 5
0.308546082332355 -0.998744861468594 0.744425319911972 23
0.238396864609014 3.04423904207401 0.099792567060149 18
-1.55139402199263 -1.54864992110042 -1.50312981975182 25
0.785583072368774 -1.18202256946042 0.499679948652931 2
1.05207644246008 1.60603195450947 -0.232593923609361 12
0.887678159172327 -1.6729409276838 0.814141688687991 2
1.90254093738016 2.59455202135215 0.251216868953729 21
1.55343425918298 3.03082880795076 0.359076845244192 21
1.54372630495473 1.38106577866824 2.68336720482579 5
-1.56754704446779 -0.471713006957754 1.09079305199319 31
-0.754019836817902 -0.180309417501876 0.115531648017429 31
2.53528738387875 -0.68178898569157 0.999249565223009 5
-1.97194005102048 -1.04838470003584 -2.22351476756035 25
-0.595000764352408 1.90150057774621 0.46222141769468 17
0.23687745410546 -1.19689116048535 0.429190088480112 2
1.4402123881355 0.146450848542792 0.129691162096136 4
-2.07499720838634 0.672731802809249 -2.16336333478123 32
0.052231630481317 3.37674002313543 0.786182292660943 18
-2.52413196575873 -2.64494549401234 0.20708975380991 38
0.236767181182127 -0.923164190666577 0.171062474641125 23
1.47683297322612 -0.808750113331073 0.906193638898452 2
-1.13856808022602 0.510636795760446 1.54639056464898 15
0.602239788967993 2.98030275358007 1.9564842951428 13
-1.48637088587829 -1.13416553683568 1.20484815409995 38
0.709068477607563 3.11810531443358 0.624202277390983 18
1.80397731105777 1.4391385741975 -0.285606691840347 12
1.95849382796572 -2.24041661154763 -0.235007850467068 8
-1.12986852451414 -0.77192969780201 -2.73008735685831 25
0.125633627175274 0.0620158511507936 -3.16865915212745 25
0.361170118073506 0.802927601331801 -1.90338554289032 6
-1.80832043001696 -1.35288480154742 -1.87501953139955 25
2.09161032684895 2.05709796739199 1.6862452531525 5
3.24339120304755 -0.639304777524787 -0.882487629456702 22
0.464797671963554 -1.06162498121849 0.422786656409123 31
-1.60132241263912 -0.278717043362157 2.37256571965575 19
1.90864953589112 -1.56376770727906 0.4091429007113 34
0.934679862030143 0.215157439934558 -0.136796473208512 4
0.289112915152921 -0.90270903771176 1.76338622026137 3
2.07218808917665 -2.43603471222157 -1.15624067744777 27
-0.601590747746718 -2.32980815122527 -2.68211062348108 25
2.10958544845933 2.00169258613522 1.74472989993701 5
1.78992774480782 1.5968134551518 1.25455775920016 5
-1.48578858311173 -0.345778185226828 2.09431708146562 19
1.30494544838213 3.11643439631675 0.729228781962084 21
2.26518295172361 1.96983792533226 1.05722430269921 5
1.77071141435691 -2.08780846427367 -0.550808212637167 34
-1.53613580013347 -0.455910216332407 -1.34893674831885 25
1.99188758764551 -1.63522107302372 -0.166821502043591 8
-0.0968951484358967 -0.449973444373256 0.573867459435164 4
0.751139791221575 3.16453040055365 0.693259737288208 18
-1.37312496318968 -0.636944130793256 -1.70799125423804 30
1.93290834523225 1.35301544114578 1.33728945459183 6
1.38395598184866 -0.12091677053103 0.207424006999182 4
2.51513009067857 2.10429067199443 1.46218392297954 5
-0.369428326236669 -1.05945754040384 -0.874409201943969 23
2.97847290176847 -0.581109124526867 0.027880768309155 34
0.842553635937866 -1.48340604630175 1.57144822303766 11
0.228076460763597 -1.31009706821209 1.20686682107609 9
-2.55579314181676 -1.63449454364864 0.750624254411817 38
-1.97495155948536 1.31086964758247 -0.212411122496805 41
-2.19324398637684 -2.07700693847797 -1.29453637113273 25
1.00800102764422 1.84403174132257 0.0163703821082522 6
-1.34025894393428 -2.2798759637395 -1.5772364041242 25
1.52447061953072 2.66132984039266 1.82999974051745 5
-1.61090809755542 2.03008728646681 1.16677241735122 29
-2.86816846302766 0.298733804201453 1.31850587465021 24
-1.43681935819979 -2.41251031421162 -0.361988773243716 38
-2.3661925418793 -2.75778005276431 0.305910096068021 38
1.65209235479254 -1.4022875852147 0.215578470568892 2
1.25981383982797 1.83388260407517 2.13785159858782 15
-0.00588239224506207 -0.724122174850996 -3.13035682952142 25
0.0106715771937026 2.42698897541549 -0.373495886396026 17
0.782720740680209 -0.139252961987365 -0.88056292743982 17
-2.16165663417661 1.55883564915403 -1.42578394099551 28
0.638336563177509 -1.52997502483622 0.561758344535721 3
1.3660731989385 -2.07681684658156 2.39661240054239 1
2.37212560761676 -2.08646637912653 0.153187957779578 9
2.9683165031929 1.78559205615241 0.552374580475847 5
-1.54484182900648 -0.71450444102237 2.56314540692729 19
1.41244357339988 1.26950584822596 -0.0926184495519707 4
0.0598331532484023 1.26601598589395 -0.641074971257519 6
1.99340166790634 -1.01058806384399 -0.707923355350687 8
-0.759398728074949 -1.82651001035547 -2.59032774301847 25
1.62595770349207 -0.860494221865777 -0.335216276057884 8
2.32645352234911 -1.20903427560337 1.68677030515798 8
2.06659841949314 1.91400437658437 1.23887811918118 6
1.88726609162175 -1.04920774802929 0.62440372066864 8
-1.30653069103371 -1.66791377048373 2.00415501441541 31
0.643230005501142 -0.943739598757957 0.723222896082573 8
0.851237525992354 -1.44446400086868 -0.484520082586076 4
2.20243971990948 -0.59084527163639 -0.532927784506901 2
2.80454440147931 -1.59742382089216 -1.08837461856632 27
2.68380888019027 -1.01156497227003 0.483265509283629 2
2.54401651798209 -1.05291259041277 -0.180869786368157 8
1.73821271801774 -1.20323624961455 -0.0894402668684013 2
1.8730290118214 2.34166975486565 1.80167218322131 5
1.6057445138049 -1.78587512538638 -1.12190148236447 2
1.3572123997175 0.208500836295621 0.194114482916424 11
0.653605806918725 0.00781188487642037 -1.78400160151103 30
-0.305385696661918 -1.80439740703802 -2.13146051885134 25
1.92615758548902 -1.4877024812035 0.124090045051022 2
0.877696432116917 -2.50863529720447 1.17185714342473 1
2.03351399047049 -1.75397138624382 0.812030334733265 8
2.18457241149002 0.679060140650332 -0.603181430911976 12
1.72815747609913 -1.53786451871598 1.20437939497243 9
1.26235868115004 1.60724711646987 0.661152180018053 33
-0.191013318372018 -2.3298257827929 -2.90178429168489 25
1.39690178961506 -1.54383130814644 -0.358038096535095 11
2.79176593255737 -1.38509044724308 -0.494304134229851 27
0.841827921568598 -1.05696941356355 -0.258314011174654 11
1.35407509432095 -2.0227455837389 -0.364001110018612 22
1.72341190904166 -1.37424431488937 0.270009782516744 8
-0.185544985745753 -1.99140664382801 0.339756697293125 11
0.735698680833603 -1.19859659067684 -0.554912167089182 8
3.48120152122161 -1.16812521620421 0.15854957620623 27
1.01750385179157 0.362369490647994 -0.748958604070604 17
2.46148575633341 2.06815364726355 1.62187779684404 5
2.93875070959465 -1.19467154842181 -0.827423266619002 27
1.52358510787857 -0.470604870349104 -0.582841793209882 4
2.68549044968916 2.00994491565578 0.581113490078199 5
-1.5746092613904 1.92107949187041 -1.26226029260163 28
1.37097558200878 -0.367759043471832 1.81741456951144 9
0.298425133457218 -1.73497401788044 0.671869518075246 8
-1.5115418263727 -0.916629805272622 -1.0822136719118 23
2.77042768649999 -2.08119036984504 -0.189400564183594 8
2.53931824996115 2.47818230519702 1.13655043108907 5
2.54583130653687 -2.07495923241708 0.201159990823834 9
2.25564438588808 -2.19977174185024 0.176162245004966 34
-2.21507734119597 -1.84750814480736 1.40639762942013 38
1.21347804453317 -2.21374671444408 0.324739914348449 2
2.03260963478165 -1.06383287196584 -0.812678574394503 34
-0.728622487264398 1.38618233129553 -2.22551140345306 42
-0.69567048080281 -2.66121523667368 -1.05878164159222 25
2.01284449837059 -1.3814542097861 -1.4743875210264 2
1.05720856499888 -2.07711643503502 -0.786509839136239 2
1.19670098773986 0.238846443245879 0.770227981292242 9
1.31874631142217 -0.938895277353804 0.00237904289559839 8
1.96928307394797 1.61479797328018 0.599357109494639 6
-0.937755168967848 -1.48426559624448 -2.1021641684077 25
0.589043785616026 -2.22044822352168 0.401019119217407 11
0.550074326040117 1.09810458192193 0.482078341669458 9
1.08973715107346 -1.20046552095769 -0.0826053603798065 8
1.55748961885578 -1.4018462864394 0.0808686795078218 8
-1.3726724994948 -0.384716582067909 -1.69336566994418 25
2.61623851764194 1.99506045416864 -0.0700505527885178 5
0.685216537203399 -1.7541962938118 -2.01581693196231 25
-0.932852666568016 -0.0564144887067549 -2.11037740780879 22
1.83638844628239 -1.30970755995699 -0.378693258336086 8
-1.21872220291566 -1.06111547407327 2.58120473207124 19
-0.526465194004879 -1.45287439810954 -2.71056994067055 25
-0.0247504750881978 -2.28467200334076 0.494688248628619 11
0.670439272558866 -1.50206160869826 0.00864633280094223 11
-0.823657413962053 -1.34606897301722 -0.594413335136697 25
-2.03780357184688 -2.77980345453168 0.913256727639095 38
1.55839274899641 -0.412826370090065 -1.53205026567663 3
1.93040424498686 -1.30236404197235 -0.0307678641135542 8
3.15272177390307 -1.54816660122703 -0.664796957207128 27
1.40531684826698 -0.580140758184992 -0.422921872332178 8
-2.66729941031642 0.621751486705482 0.0723732283226872 28
2.66561603774106 -1.59636126636168 0.733185474184418 8
1.52422332787457 -1.36736756993855 1.60987595427365 8
0.837836443135315 -0.699368814774324 0.898764410595344 31
2.65795482390341 1.79827831251766 1.07037071310235 5
-0.768518547061084 0.0133603147365539 1.43222514379698 7
-0.761398787180124 -1.88287822071109 -2.58602718367162 25
-2.59301425852335 2.4271036732371 0.297371781761117 24
-1.07180031655618 -2.07145141827724 2.61080590508875 1
0.340085244924862 0.236919798093231 -0.572421663711495 7
-1.28933619448616 0.683638776344696 -2.23647746639932 25
-0.808961547717282 1.24787182242327 0.123230919776428 29
-0.866397333543656 -2.30124306240604 1.56685546675202 1
-1.57449618566952 -0.875956119439771 -2.85432406865518 25
-1.47555285476729 -0.397047649982403 2.11227691279072 19
-0.619548769969214 0.163247852928298 -2.54209320031314 42
-2.20339632264092 -1.27194406419264 -0.194394195672737 19
-1.89646523296058 1.78701592587349 -1.04306812376977 20
-1.74472365019939 2.82087292313527 1.50811933475902 37
-0.531378777424284 0.391607041473939 -0.255459120738396 32
1.36386545380228 2.6915974780042 1.79874536714054 13
-2.36397098273487 -0.667432296595358 -0.402773919216646 31
-0.344319493952779 -1.82351701705766 -1.61497747266244 25
-1.75824517422952 0.897414970172344 -0.92383291817173 29
-2.54252355312139 1.31990529314588 0.0270605009260345 24
0.481354735903538 0.673790725553305 -1.18620362087905 30
-1.16325852868886 0.622078446768531 -2.25245018525468 25
-1.804750696232 -0.038556025027865 0.954385976024841 9
-0.44440876853875 3.11698571329821 0.0149803239620858 13
-0.541921042871889 -0.0355860062203631 -1.79635656118854 28
0.443583893754735 0.287556994866919 0.214129639409676 29
-3.44298099120273 1.77355872184477 -0.65119657976075 24
-0.614369409066242 1.23269125460164 -2.13232117893518 25
-3.22984471849169 0.2380546653244 -1.19590381585497 24
-1.86574462070155 -0.989049537150362 -2.85041333166251 25
-0.787515341583244 -2.58455309882492 1.89265758180723 1
-0.745239122796564 3.18104618749567 0.00880081567705185 18
0.977136340755027 -0.159120268533336 -0.867282965586053 7
-0.12964414742951 0.866791664384394 1.12846777302224 36
-0.685263355927019 -2.22103851611574 -1.91157938313325 25
-1.03506532986874 -3.22659015771139 1.5076797471845 1
-3.06474186836732 -1.6402740326698 -0.351649578800099 19
0.398295359828085 1.90318605877176 -1.49286080008375 12
-1.42543882470076 1.82247662990544 2.62399857446168 14
-1.03744172848796 -1.89077270521814 2.6018945904812 1
1.43214378821249 -2.3309462845486 -1.0752691601161 35
-0.998761589150557 1.83809160713444 0.928135408883492 36
-1.85352992088362 1.41003130349311 -1.50483619339941 20
-3.53273746601631 1.19904115808057 0.33379870401018 24
1.22278015375539 -0.0658822618486986 0.277288407018542 4
0.225379147904559 0.31316233521249 -1.18529310396306 11
-3.37488340179445 2.07493966234638 -0.413823430969068 29
2.13896306110306 2.29052400607314 1.34150798656319 5
-0.979199000233394 1.5018363919524 0.130947928252029 37
0.00858078475172567 2.35627668606459 0.896979961504343 13
-0.639132585984442 -2.02685699498614 2.64426540374811 1
0.81312316045463 -2.26208775464998 0.988689635517406 2
-0.673416431635666 0.227539096410267 -1.77405209262014 25
2.94926637492309 0.458680684091989 0.756227107718331 5
0.875838329750607 -0.300066926044561 -2.38296984724186 25
-3.41881243351467 -1.5254653706599 -0.0675674327254302 19
-0.279980380418337 0.983544955312605 1.14902860664319 8
1.33662210480506 2.59347406085576 1.41566332787708 13
0.166827985469717 3.40685650737788 1.69486611710041 13
-2.959387325059 0.0262252700050983 -1.5468851533525 24
1.48068892040839 0.572571091471719 0.614544768728357 36
-0.118313987272385 -1.4429651992389 -3.09381456086941 25
-2.44921129626348 -2.1447739715027 2.4989488846453 1
-0.307540235318223 -0.150844186517495 -1.83978094724332 28
-0.0741756772578896 1.56088669042919 0.916269716850315 36
-3.36946925830936 1.81785942697569 0.482481255318039 24
0.163190144849188 -2.6041763623951 -1.44867280508862 25
-2.09486388865107 1.93552406322275 -0.836143627578559 30
0.0466540377722254 2.78465649857794 0.669795153835075 13
-0.718113345105846 0.828068982884546 1.02459870088624 36
-0.423018447059222 1.78042048047936 1.38583634158675 36
-0.491939222771071 1.11147978274424 -1.83519119199383 25
-2.63837443203432 2.33383804582793 0.222721099696718 29
-1.34351796319386 0.58559015856702 -1.32096587978107 26
0.612627976879863 -0.160536779207833 -1.92508731002883 30
-0.132199275893332 0.365542024637923 -0.376832889501673 32
-1.82367522982755 2.62332004366286 -1.56232897214728 24
2.49892814975398 1.20429703391802 -0.270066152846706 6
-0.345686662406422 -2.24240019877679 -1.45428309457365 25
1.67546407581402 -0.276677924789599 0.0911836473360159 4
-2.55584559221825 -2.01397780015417 1.99005876623551 1
-0.860869377794477 -0.679787318081691 -2.50127791922654 25
-0.664571709641789 -2.21855107923055 2.35349376644594 1
-2.66764836436104 2.2516170160256 0.0481211224126987 29
-0.791016772594123 1.12543278746612 -0.57396814339229 28
-1.18158051241725 1.95931665910471 2.55232995878662 14
-2.79370672343773 -2.52596018446804 1.3212163682749 1
-1.16217173391196 1.1107225331385 0.893275466684603 15
-2.64966356079948 -0.296555019378222 1.14539414614126 14
-0.159463341369399 0.602396549331748 -2.60390790591529 42
-0.960859988271072 -2.71594545506736 1.92887598415741 1
2.69365182102525 2.1586843238236 0.844622941925336 5
-1.07889522158779 -1.34394643777659 2.53615708886944 1
-3.03491141480398 -1.86285073325326 0.204241561597227 19
-0.0844435805123952 -0.591821444232792 0.531698420290887 4
0.52723361237503 -1.56778660964632 0.791939567413214 9
1.94239109398653 1.63510652363366 -1.86571621219406 28
3.47545764689126 0.877211639753255 0.938060823615622 5
-0.886898144608109 -1.59848941215591 0.993199451682169 11
-1.29292363554423 1.40552436135054 -1.65496000411512 25
-1.48389477714731 -2.03538825180472 -0.00517544062226345 10
-1.87798376373762 0.097705448371723 -1.72257671288933 32
0.331957295004628 -0.703166142674861 1.25227752376354 4
1.94192156316883 -0.182090470214403 1.43876050162185 4
1.43445380136758 3.14416588271972 0.157894658953325 21
-0.949120433195344 -1.85022875571444 -2.33444598069494 25
1.23017983954907 2.50691299007994 1.46887982331593 15
-0.718220335123699 -1.65206302995265 1.76438234859707 40
1.23791955716709 2.33406651630311 -1.20357170205591 6
-1.5121456692229 -0.0389478482526942 -2.14743869597224 32
1.54501874643842 1.89243042495898 -0.512572572779042 12
0.433688651470481 -0.702524178367142 0.690684383929266 4
2.37071779987255 1.32597132005177 -0.105050528430014 6
0.958885735691085 -0.674934700861165 -0.134503787965126 3
-2.1151244886876 -2.28504198697819 0.263079883132695 38
1.52658960979578 -1.97509396797332 -0.092698897019998 34
-0.630310844881418 -2.8465686030708 1.85226774333644 1
2.0514109569982 -2.40470745211382 -1.1143174534317 35
-1.29399039764091 0.646077676938767 -0.894909691666593 17
2.56753452999782 1.21977169227877 1.01859498464197 5
0.281184092764789 3.37592001777737 1.51304112464874 13
-0.429707562297636 -2.14200463110435 1.79795455783501 9
-2.43805414496916 0.678453315099344 0.48570040163874 17
0.868023512843882 -0.801083362490962 -0.173889065639243 2
2.13855214338269 1.05701869549662 -0.317311589642492 6
1.52640387308706 2.71755559878384 0.463703176281568 21
1.35991223623971 -0.623687003176262 -1.14351726533598 3
-0.58561392322265 0.730393358275304 -1.61518236243527 42
2.72827387829613 -1.59230682947214 0.668236229164819 34
2.01760176589361 -2.26529382036208 -1.59587237340963 34
2.35173187982647 1.17091739350541 -0.390873232506611 6
-2.07805522930316 -1.23860220581549 1.28063085631999 1
0.537177850509221 -0.109581179760983 1.39627341969255 9
0.786339280186482 -2.00882441162148 -1.38590708799697 2
2.30703528394188 1.74940811129845 -0.41441205804098 12
-1.64609674759856 3.3544541210742 0.770808445881039 29
2.67672239538765 1.30435398216333 -0.434790440908583 6
2.84487587830961 1.42038744017498 1.52017152994045 5
2.67644650254392 2.17347782324107 1.44517328268396 5
1.28378291020667 1.37175189765299 1.29463735072152 15
-2.65871606337071 0.907628373269321 -0.498795666249751 24
1.97179340610807 -2.03595422713505 -1.31962748960619 35
-2.36255502812039 -0.111090189655289 -1.55719289981987 41
0.072966227165507 2.57307924501991 1.5794045517162 15
-2.46193169376698 -0.785529047448771 -0.273657390179402 14
1.62396190622912 -1.3397418679504 -0.312465066174935 3
-0.345411396548669 0.929464282282598 -0.554542931996494 28
1.30332344714864 -0.000679627282634231 -0.839082505540427 3
-0.525295596266656 -2.8799047984256 1.96219662350534 1
-2.21440732891045 1.14547709870511 -0.126482129513656 28
1.08891047210307 -0.761915997329771 -0.51422759297582 3
-0.241040100868713 -0.785934421499026 1.39668670169287 4
-0.920294279540072 1.64429199337692 -0.927755667362195 28
-1.23174085393139 -3.08949930644329 -0.502161813187897 38
2.93579654012599 -1.57379620532888 -0.604283596798845 27
-0.963950397685684 1.05606988318721 -1.58221971745073 25
1.29972020503885 -1.76392884633159 -2.16720651886322 35
0.260201218828552 -0.231288315719905 0.0170025319011169 4
0.662090693303725 -1.32342536679985 -0.576499730066758 2
-1.05284234582269 -1.59094430404505 0.570850378591521 11
0.508846926539796 -2.22729436622946 2.18097599587866 8
-2.22340073848542 2.18444333755014 0.00263838075494383 29
-1.04444450778464 -2.72054782692644 1.83454077546533 1
0.91996800455976 -1.38545146872071 0.355711835969981 8
-0.0675064492274262 -0.00313458889752638 -2.19189320366584 28
-1.73346412649915 -0.555375867134112 1.12314482460793 19
0.552522551447615 -1.12514935989233 0.55272024079932 4
-0.0506384763309764 -1.59636276576271 -3.01085753830072 25
-0.0359837658205501 -0.817177743875615 -1.40545247715139 25
1.31906120982873 -1.06307878821956 -1.44137308117301 3
2.09008241573073 -0.344026489405551 -0.671744502170312 22
2.64085432197781 1.98818104006209 0.0122326676899849 5
-3.16004989796942 1.56122821864953 1.29295705090387 24
-0.862150567892381 1.09337902903941 0.100787962461959 28
2.37883907179248 -2.09914316610187 -1.02862358880726 27
0.883346224637745 1.2550108259619 -2.41331048740779 28
1.52206469428975 2.80222309951095 -0.247337676700632 21
0.892729201866042 -1.68114839054331 -0.971786676864723 2
1.46057426008924 -0.474188364725699 -2.30545766804707 3
0.385890255811449 0.950698555807723 2.05307470042397 15
-0.445870771409939 -1.95830632308309 1.53121204322842 40
1.70424067566313 -2.6277566921585 -1.09666681922496 34
-0.49981901975936 -2.1314702508755 1.92776247378542 9
-0.322594336755766 0.971664990399399 -1.19393269724861 28
-1.52255339336694 1.1204953703725 0.427964572639197 17
1.76248377296369 -2.25170946397691 -1.46702625234418 2
-0.219903060779342 1.30757736820851 0.743739881549298 17
0.931130752075235 0.603172264769559 -1.48851675490296 28
1.83493721118748 0.869236105856695 -0.810234909133758 6
2.94271202445153 -0.416003518886775 0.432303854243161 5
0.529975185108104 -2.14750610524535 0.0330133731595943 11
2.72013820060181 0.715781000595385 1.39526531741266 5
3.13137892201512 1.40057760433093 -0.216328473735907 12
2.22976325889128 -1.51305799593183 -0.828464701081797 3
2.82801765089186 -1.85046699535288 -0.911854332512524 34
2.7607237516848 2.1130119332489 0.357801513898868 5
1.13741224126836 -0.732797513740007 -0.818666934528319 3
0.199396491558252 -0.21251741289013 -0.774494338228558 4
-1.22716748946251 -3.07158902954164 0.478662245624225 38
-1.35207393442529 -3.37368057120694 0.0874736193403726 38
0.035918114430283 -2.04079787240388 -2.35376042711614 25
-0.42127019615602 1.12293518849498 0.368989937318778 29
2.24354100453763 -1.23217475013771 -0.387562105542752 8
1.70360701277167 -0.788722899771865 -1.08860801069585 3
2.83459273227005 0.9985185506488 0.898549652548909 5
2.56666450101351 -1.21418445297771 -0.642958723608786 8
0.574341074692174 -2.34041460067342 -0.565409329724501 2
-1.28601729283866 -2.4375285491913 0.206207830681039 38
1.31061124228068 -0.434974459830032 -0.236504648385647 3
2.43578065705823 -1.22695551201764 -0.710465778516024 8
-1.09988088089807 0.446207890316452 2.59791710307991 14
1.8958015765832 -1.60716756380844 -0.458400087536503 8
2.05694751978239 0.75525445519525 -0.283327988081605 6
3.24001451145202 -0.49179532270728 -1.01170420241698 27
2.24110552406982 -1.90845921697257 -0.412933734798823 8
1.60466448965613 -1.61343901879317 -2.06049861663636 35
2.46826985567909 2.34560775119668 1.24657476620755 5
-1.96706567281872 0.0331954882169145 1.34364505046636 17
0.938419988264524 -1.65292983797098 0.378068727858211 8
2.03263947990912 -2.03901721480608 -1.6129652083738 27
2.37726672718997 -2.31081511395073 -0.100612195906156 3
1.19351935455613 -1.14392046364099 1.19813054563869 9
1.63957000203494 0.890222022703312 0.825831162198187 4
-0.205563216152476 -1.30451826994377 2.25154742322898 1
2.50135104735202 1.29147479106953 1.05004310593834 5
3.21746459352131 -0.560964314317574 -0.588026502875689 8
-1.72833297535253 0.361824957160278 1.81484020130739 14
0.0828533972488023 -1.26457212502301 1.3721057656111 11
0.884356350030329 -0.0238700928006928 1.52284507348222 9
-1.88090881653372 -1.90441352353085 0.385212952263609 38
0.83406549907146 -0.79229730249215 -1.66731738110711 22
2.36167138666428 1.87150974912588 -0.406158008227942 5
3.06130160327951 -0.855622146528681 0.49123852493087 8
1.56349227885657 -0.684734670338165 -1.61954990939978 22
-1.59567040740479 -0.133451181967325 -2.04131504376441 41
2.38874534518913 -1.49974152099109 -1.39021873116928 35
-0.885752661554522 -1.93987023735725 -1.00623466799115 11
-2.22331017468919 -1.20645799854334 1.26300568260684 10
1.54892517369582 -1.15878862360067 0.20625372946653 2
0.887286071843306 -1.1413205776855 1.51434808871878 4
0.249317171445733 -2.16841193932428 1.8438680098329 8
1.03708077380873 -0.131661964104241 -0.146557217859074 7
1.60802914421382 -1.64028391073791 -0.611889727061727 8
2.5013978768655 -0.79178191425401 -1.27285940869114 3
-1.25899788993032 0.0109207887210219 -1.59919026732209 28
0.869415875572079 -0.405769208126636 0.866130951889766 9
1.45885254329984 -0.781081346619218 0.485901394924829 8
-0.058424467201142 1.49753858656902 0.775994453285959 17
0.0801704730799047 -2.60161263988489 2.37672429447669 1
2.94078538311936 1.64650888774373 -1.06127258437073 6
1.53849143705088 -0.238937539585576 -1.30264296951507 3
1.91523060260155 -1.65280224731666 0.397645392008697 9
1.43452072471684 -2.0743354193953 -0.616552171149503 8
-0.993200352830046 -1.78319183425248 2.27245234657076 1
2.94612543542851 0.0770450299666314 -0.276675937093181 27
2.41394386378835 -0.417563299228304 -0.961098963145392 3
-0.504638471207792 -1.82121500559221 1.18789951244128 11
-0.811876764274425 -2.29346694298512 -1.67847328613761 25
-1.676748544026 -2.0416718807652 1.15993162791408 38
0.703513379161712 -2.00171811007228 -0.794697987770525 34
-0.262260529504827 -2.2601517809183 0.046379710840919 11
2.72988161656607 -1.6764357400719 -1.22366333931125 27
2.35074923816893 -2.21397794600447 0.00226407693464101 35
2.16858090665134 -1.79562506070484 -2.45635371235534 3
1.93085436979465 -1.31435966937581 -1.85705823224507 34
1.98617358861506 -2.30490399349685 -1.37737317614525 34
1.46741982343718 -1.66347414808682 -1.75634585188486 34
1.87859770210556 -0.460849573733817 1.13340833567857 2
1.37355201806866 0.493116127432653 -1.99812826279999 3
-0.443817963165353 -0.631436425768131 -0.56839027148001 11
1.5588674806448 -1.70356965641583 -0.957679143621701 2
-0.587979325348905 0.0278613391945223 -1.89328612731548 12
2.75672604563338 -1.71443277926717 -0.975707201929116 8
2.64640835974854 -1.05653973121399 -0.261025927691897 8
-1.62156147906193 1.235900503434 2.63395814070716 14
-0.425729917855847 -1.40197479504222 1.5785130859841 10
-0.0506682285828048 -0.911113310172758 0.895060122527272 4
0.638542925047526 -0.881861545295084 -0.484852403606143 11
1.37947346498127 -0.151820082903317 0.596177184146248 4
-0.440520198128894 -1.4149542370125 1.57646429611451 10
-1.92893840408346 -2.4213695168801 2.50724023091482 1
0.643587638409846 -0.512845088018518 1.53053416581836 4
1.092563389658 0.367620951072484 0.877113989570233 4
0.642871425424027 -0.525098734481347 1.23352569387602 9
-1.38786197880679 -0.744552143395246 2.15631779421765 19
-2.20222805175926 -1.18425910568319 -1.86640181448955 25
-2.43938255145118 1.7509489061667 -2.01461372948484 29
-1.4256383021302 -2.98747198666778 1.69965150452835 1
-0.0418946342195602 -2.15242185337956 2.59244934896798 1
-0.988223262399224 1.59673376067861 -1.02986042648528 17
-1.22766198897391 1.16950725003067 2.42982819081189 14
-0.020550807944867 2.39036830292539 -0.298381231880508 18
-2.55483809782609 0.645428404499922 -1.52436097228715 24
2.14737020451269 1.03936432952293 -0.544494723341823 6
-1.33613516466469 0.4944060280464 2.46988657036751 19
-2.66386620518391 -0.78386879882433 -0.856633716876057 25
2.52509381911928 1.81685027006126 1.29659883705198 5
-2.42620530817465 -0.0795631893445537 0.144903505138087 19
0.719745170338674 0.78925227686494 1.41197084928335 13
-3.03755069256579 2.0246296848003 -1.13141289935407 29
-0.870265567858156 2.44618301864445 0.845662432593896 17
-1.12084998071472 -0.438532125047861 -0.23772416095738 4
-1.93750010106428 2.2058236792005 1.6600375537892 24
0.530867824925143 -1.1939088379638 -3.04064172874335 25
0.0533893963891628 0.323786440928105 1.08240058052185 7
-2.75423705651701 2.08091807440181 -0.514163819463425 24
-2.54691837000095 1.87293867859181 0.17021281527551 24
-2.2860705983629 3.04977091151954 0.78701343220284 29
-0.436265079885222 1.33396061355682 -0.894458008551653 28
-0.237258440182312 -0.537282775990367 0.793895422832831 8
1.66688075353049 1.1586829490635 -0.187517647764733 5
-2.38609080175022 -0.814837240264431 -1.96338673910759 25
-2.39653861521238 3.16265620593301 0.731081900778528 24
-0.896445289448784 -1.70791530019638 -0.352278717143267 31
0.926873810191706 -0.568050825425996 -0.324846326051269 4
-1.55929919712903 -2.56786540402135 0.405962837775143 1
-1.53156732840864 1.99401850424129 -1.28068316061161 28
-1.74711726726409 -0.139801293691512 -2.74671533777866 32
0.714571530274486 1.8172985043923 -1.22699074258936 28
-0.657598412312741 -0.511285352956511 -0.101446157787877 11
-2.85261094638215 0.338479355683282 -1.78634528177112 25
-1.18641909021361 0.505013002138168 2.06327044911672 14
2.4969332669844 2.12993790965938 0.444297734329589 5
0.216548393054534 -0.362754413791167 -0.0680953996741889 4
1.20288149448228 -0.112539488941716 -1.54451670408335 3
-1.74139780235293 0.182749816873805 0.700409102225671 14
0.512354990132102 0.480465342496298 -0.764085738734046 6
-0.81289827873557 -2.01187420198946 0.269180499598977 23
-3.12574968379895 -0.150097246879108 -1.63124062230308 39
2.0020494805903 -0.0991967865524346 -0.797688314098409 22
-3.31962102865914 1.75231177031402 -1.28260227756084 29
-0.725685007486212 2.70024671962208 -0.0127463828699609 13
-1.73509753823727 0.988452757868514 -2.46821286232305 42
0.30144837272131 0.830369868233811 0.690800518516853 17
-1.70733432815324 -2.10738478361364 0.283713095420954 19
-0.829863875943036 -2.17537283544536 2.47009669341743 1
0.81630359162133 0.0238378231749326 -2.93226404599753 25
-1.6346230980845 0.215064907558096 2.27795334112913 14
-0.715209546633776 -2.89614100739835 1.41899107734756 1
-1.60218532300778 -1.5465296958649 -2.03901667137393 25
0.43164011209671 -1.57441587727469 -1.50556297946198 25
0.385220728477009 -0.968923890731833 -0.419643559855021 2
-1.24310405959378 0.25163426357548 -1.07252916748454 32
-1.21346178147878 -1.04275828729625 -0.104945825481348 31
2.48441807208963 1.59073712581752 1.35773545228768 5
-1.69497444178114 0.817776206212329 -1.10672882472326 30
0.27828223318388 -0.392629654887391 -0.233131332236811 4
-0.910171143241047 -2.57700859194978 1.94537662940295 1
-1.03662018925474 -1.22823774514649 -2.72412301284344 25
-1.18428314622857 1.72809057896363 2.11459362824033 14
0.0494991505424399 -1.27493419961109 -0.62947931605365 25
-3.16813244417922 0.829781335834407 -0.453984466276617 24
-1.6841038366158 -1.45450292118355 -2.59096518849991 25
-1.86222279327106 -0.84477666625465 -1.78797169525358 25
0.217796585757261 2.69683242897167 -2.00342491044992 28
-0.218251000101376 -0.314418343431378 0.597740922485804 8
-1.85308410532422 1.91679823649208 1.16478747405998 20
1.09762789730875 -0.0848622845118939 -0.470521938217205 4
-1.87259237711279 -1.62376095073675 -1.3185758735568 38
-1.81385276377488 2.74220686663643 0.91962791909237 29
-2.16608414103413 -1.13401055427456 -2.03957416240437 39
2.55960566772409 1.65670853625273 0.703682482215519 5
-1.06322748909858 1.90030357342025 0.320032615498619 17
2.05310012121923 1.97486425893258 1.65483242949727 5
-2.18468569681305 2.58323952685855 0.157722601766867 29
-2.14490869852738 0.706701778128335 0.729241321367334 19
-0.131607027800025 -1.11613416404429 2.71620264216799 1
-1.51903093053566 1.93354694696567 1.78564919324223 24
-2.78744725795142 0.492851990181885 -2.07121014168793 41
1.89162310915753 -0.415019794693382 0.432850867196769 11
2.31791095928906 -0.360045918548237 -1.32215646381052 6
-1.67534082744463 1.46740918231232 2.52189892536121 14
0.317550318965234 -1.19849318759576 0.314787229534996 8
-0.699920727756291 -0.31004742065741 0.319513779165234 8
-3.36145569671283 2.05695997652061 -0.673131087908912 20
-1.80103223070233 -0.164781602298672 -2.97209283051417 32
-0.0870106602852803 -0.403196956080662 -3.00936080917173 25
0.532827283317106 1.17310285600743 -0.798604254280987 17
-1.71392245919403 1.4069153586943 0.47431539961468 17
2.71900330121331 1.79495135932934 1.21059770778877 5
-1.54512293405832 -1.56903304185412 -2.19399671648989 25
-0.392846934795296 -1.04907833976401 -2.63615980131986 25
1.16623679596882 -1.762410299413 -1.58062625980565 8
2.51141418383952 0.000616828344290284 1.9891721078234 5
-1.31455370160078 -2.42102345227244 2.30801495876667 1
-3.54775827168831 -0.197530184111725 -1.01104535723786 39
1.82318193268427 0.668836218745539 -1.41694811045215 6
-1.03263484287107 -2.07908968716096 0.689793851505262 23
0.612898101489347 -0.402229551853809 0.57765425401421 7
2.68982640997126 0.345613658087239 0.0138606861533803 22
-0.992762840077181 -2.62053328745679 -2.29582809432059 25
0.623646545359452 0.454588645249761 -0.792097168477484 6
0.478335331115419 -1.38633703441484 1.19731395571749 9
-0.705928989070641 -1.02831117802708 -3.59998458541399 25
-0.711271557693028 -1.17103962554248 -1.37361817713736 25
-1.83812357735374 -1.15824196078837 -2.45447733111049 25
-2.30307803327107 -2.83996734344112 -0.505114286199657 38
0.75138224908981 0.298722703463769 -1.01720963561653 7
-0.643130194508125 -2.59695580088227 1.93259292630848 1
1.48663492328861 0.845061264295585 -0.247153401769177 4
-0.823919697924971 -1.37649624161109 -1.95887071619567 25
0.75829486328244 -0.203908855414069 0.089613381946143 4
0.259614225111738 -1.00010096182964 -2.27548745685159 3
2.26017410882756 2.2595033685461 1.32401130570929 5
2.10323666758279 1.73152154535667 1.79147324493503 5
-1.83878799928242 2.09488281271113 1.05738581710679 20
-1.81636452739054 -2.55391251308847 0.78050118090122 38
0.457630587731665 -1.51421223285847 -0.432755502213053 2
-1.85776145485978 -2.12400194248779 -0.38229781856292 17
-0.138442207147676 -2.71368274855777 1.1752371395661 2
0.454585185349003 -0.469419016357164 -0.307167371210958 4
-0.960634519195868 -2.08250276262204 0.836336559505634 19
0.197654996882983 1.20305262442509 -1.01368608225487 28
0.641526427832113 -0.234086108330326 1.26247626682878 9
-2.45561615559466 -0.473859255369752 -1.42079251146951 25
1.79926717670521 1.26018173827228 -0.452361640059078 6
2.95520243705671 2.04892492166399 -0.0740265533848202 12
0.409658782244907 2.15957683936727 0.217544248221815 21
1.10276120919341 -1.28640997992585 -0.836627593513305 2
-2.8755954736586 2.03290088954115 0.610789575438771 20
-2.58344533054103 0.0195714698094329 0.553036760525335 24
2.60447559834974 -0.404331367572612 0.311105201894146 22
2.04041399497881 2.12373159117705 1.53380028993754 5
2.03343324807061 -0.492134080150577 -0.889451806339335 22
2.56498263302643 -0.338077398234856 -1.3848841932154 3
0.8959443649757 1.96037928703326 -1.35032528284354 6
0.429683722390105 -1.37784700098922 -1.34529367742776 2
1.63228428707205 -1.61175872829049 -0.599085305467754 8
-1.08338533570791 -2.47402632874608 2.34983959861488 1
-1.48263416693236 1.81482533052987 0.99149943935084 20
0.462873198204319 0.947936886750703 -1.80443713412608 25
2.53379424672148 1.61119369915207 1.24148355981181 5
1.34586018225448 -0.713214355935869 -0.695402521131858 3
2.06430773392096 -0.79154512645041 -0.302360325722768 3
-1.5486985060717 1.81945336159576 1.10386658374566 20
1.86485363020498 1.7739774264552 -0.925846548688085 4
-1.60014441085826 1.11049025367654 -0.713525322248835 29
0.122504821397629 0.0718198622642678 -1.08753986212133 7
2.25631099478403 -0.588477945944149 -0.680633751658771 3
1.39924945320798 0.31454235486793 2.86967616167002 5
1.07626262349831 -1.62814550812509 -0.928197997328806 34
-1.05719470249007 -3.17465270269016 1.3086993449352 1
2.90197299485068 1.26705600292428 0.0354111544280498 12
-0.278113371343746 -3.03379479407185 1.49688254959284 1
-1.12792929328157 1.10803630518924 1.50631967895399 15
-0.916711780734108 -0.375186180095947 -2.88464294873487 25
2.77922016136931 -1.41099437477023 -0.758408873855779 27
2.1038223890208 -1.24883268520111 -1.79188041438079 2
0.61619876549829 -1.92071540253218 0.128112012863594 11
0.720267123691619 -1.33268364512917 0.15667468622459 2
1.89295500714055 -1.17432051157805 -0.947681639638527 27
2.78562871161706 1.39271499616981 0.87704648013135 5
-1.14837432212021 0.276489284885785 0.839930758531807 29
0.375460144179747 -2.61812399510861 -0.419776403684049 25
1.01013835482134 1.63129767558268 -1.61566563563773 6
-0.156844268655279 -2.3573846447872 0.257586958201368 2
-1.69717327120511 2.57788213742997 -0.60994597703007 29
-0.289095524741448 -2.24276239459111 0.599322619466628 11
-2.28480453384011 -0.0649274844088976 0.393577787550338 24
3.11298744950364 -1.50114802968594 -1.13484085712093 27
-1.08379489720845 1.10502163362741 -1.68191696484881 29
1.91142606565352 -0.491515276204845 -0.673561837494519 3
0.332292314168686 -1.083912748859 -0.771547135170682 8
-1.87715900484899 0.209819456708528 -1.07996185222123 17
1.79263121728481 -0.247454069542444 -0.769707427934268 3
-0.691874496892445 -2.49895773556548 2.28744641720633 1
-1.80657425162099 -1.51736910417637 -0.8747511479835 17
2.16467171849845 1.751709242358 1.2822437975569 5
-0.446180916965212 -1.2295631458343 0.515265311140221 40
2.07469326598915 -1.4891097118333 -1.24178326077769 2
-0.839153201027623 -1.15919942089654 -2.55074000063091 25
2.46446994439239 -1.34737172254491 -0.304347147622114 4
3.08646024696254 -0.167600361561782 -0.608023320351385 22
-0.179374131848966 -3.02568526120591 1.09991726764709 1
1.34779094584281 -0.953741495659268 -1.15037711331776 3
2.67082885404085 0.975203461039921 0.230672149677343 5
2.34486805498013 1.85337567837749 0.441974085287441 5
3.07650343830947 -1.13963202586792 -1.21337138126348 27
1.36998395406949 -2.61229589887766 0.469355788807525 3
2.99335940044697 -1.43260041375752 -0.78675989948099 27
1.27017720562073 -0.504498803717813 -1.26181225367368 22
2.54337946485038 1.77125563078492 1.31326349282283 5
1.87008410018205 1.61144188520448 -0.77745121138786 6
2.81752155678006 -0.998866330159322 -1.03335005394233 27
1.95021713951805 -1.14713008483396 0.0964774377620742 8
-0.337122180302647 0.680253141221017 -1.2550894008118 28
2.22718650275858 1.41822250752972 -0.709119312068338 12
1.33299874984538 -1.4938301590053 -1.0447774341775 22
0.233127685536185 -0.704703543337674 -1.40487625157533 22
2.15100097460674 -2.13926544925667 -0.0118596551795006 9
1.12364129394655 3.09445494505798 0.649932720238739 18
2.23440483240674 -0.0519246253175098 -0.252089199368811 4
1.53536109534288 -2.10491200913024 -1.69368500325258 3
0.162233534863182 -0.897330463175281 1.17687609333905 8
0.568966698599332 -2.75608024287351 2.10310333929813 1
0.354370655639031 -0.791014463127892 0.997643475973936 2
2.39497883732551 1.24731207242315 0.41043544913364 5
3.06904035841801 1.47825293659146 0.5054172905752 5
2.59409197674373 -0.791062715218467 -1.37951348032587 22
3.16028675555813 -1.39573826946925 -0.76599019448061 27
0.624335791369865 -3.23469894803726 1.57803170656902 1
-0.0458092397198991 -1.37946037503534 -0.835678332774696 23
0.489385629945932 3.49272751121032 0.986182728426383 13
-0.187959509863262 -2.14802208358315 2.1811492760611 1
-0.154726545171361 0.0631653478306639 -0.649528134799833 4
-0.803180073406702 -2.51355096699411 2.21742605856674 1
0.627933045443287 0.359389836658368 0.168275911426427 4
-2.33251550054354 0.759718126186059 -2.18009983218615 41
-0.13122126691163 -3.11774606618296 -0.729069905062921 25
2.01282400075218 1.91628238104302 -1.05890053276902 6
0.701785637479087 -1.03181330418988 -0.369319684969595 2
-0.0871893004689665 -2.49736449990731 1.81055818624782 1
-1.39534229766312 1.38300533065636 -0.764364213407248 17
-1.84638461141911 1.45346986098363 1.44788319923932 14
-0.972087624814256 -2.21312336364234 2.66726333416186 1
-1.7788152056891 -1.40585315144698 2.45172551541064 1
-1.44804431621923 0.422190878798794 -0.481868633615003 30
-1.08309824750867 -2.02691033442298 2.54075198108544 1
-1.19360053611606 -2.25918845765813 2.42117270880772 1
2.1453655394145 2.06920991292556 1.4698808322734 5
-0.919065405864934 -2.19330741100625 2.66164832236143 1
2.04952932278324 -0.660221981050632 -1.25029277271867 3
-0.210084132887135 2.20966563633252 0.995986268709542 26
-0.166544413349128 -0.626649983154161 0.803664258341436 9
0.272485636702214 -1.35700618686336 0.414952693426059 4
-3.2850430669472 -0.202844992377283 -0.669857880269239 24
-1.25093833637371 -0.71095342730708 -3.30168634889961 25
0.45687700342661 -1.58652066403449 -1.44004518269636 22
-0.343830902534726 -1.74598680956634 2.52420194473126 9
-1.3769768920958 -1.79055570264267 0.0306560571208958 38
-0.505326244118556 -2.21051808148803 2.35958780780958 1
-1.75703852791237 1.53432164254832 -0.298113009095266 24
2.43852104000457 1.24956223103621 0.933626041432082 5
-1.95577073313375 1.92713839435349 1.44806247191184 14
0.0845976318886744 -0.154178665070147 -0.103854960809338 4
-1.35758687176043 -1.32433495913063 2.68787991512346 1
1.01018768113326 -0.539407813302601 0.287644652561267 8
-2.16851818278499 -1.76106765772797 0.938668358182238 19
1.42460780316044 -0.364501354679643 -1.58081262137733 3
1.71239850341813 2.3715293527809 1.14227947344412 5
2.13052144227605 2.18672840454184 0.978435807012524 5
1.73101514232966 0.441498914543502 -1.5460833425775 6
-0.354454030526611 0.0686377108026346 0.768232006653858 8
-2.18045397366531 2.35582118213669 1.20425326069144 24
-0.918273795459065 -2.22033124754878 2.17896704860463 1
1.72009538976437 -0.0139729860365022 -0.721730450719102 2
-0.0194582043795526 -0.0844078648561903 -2.50849777912558 25
1.59924621888793 -0.469636205001852 -0.778774331895742 3
-3.07707775538263 1.71280244718786 1.41389145134257 20
0.398391676162793 0.0299175086277837 -0.184188597034986 4
1.75512554062616 -1.77438179114981 -0.0190064661719899 3
-0.489184772433948 1.59437551505693 -1.40031883868259 28
-0.771588184696255 -2.16699805637262 2.5710031968991 1
-1.14465197553405 -1.04318634545257 0.217292266260548 11
-1.29161544787888 1.16419318375427 -1.78282395800927 28
-0.0559013662091226 -1.04974685826154 -2.32887225706128 25
-1.60342008004036 0.0874553574053298 0.84542656048619 16
-0.433477268058693 1.72687984386991 -0.476961331150349 28
-3.34239455000148 0.447112522043689 -1.0568398301612 24
-2.40614257289082 0.574488837425963 -2.54251343236303 39
-3.30379928769683 1.40339179428753 -0.188514215538639 24
-1.04600580988972 -2.14418523684905 2.64252453996724 1
2.04648075407188 0.676625610195846 -0.94508804558469 22
-0.107685816181225 1.4986835748629 -0.411862275252181 13
-1.40248643495627 2.54804883119605 -0.470524742799041 24
-1.85734294054452 -0.283103755631413 0.593554256903761 19
-1.12131445057906 3.21701012278019 -0.186721563295816 24
2.25239881193493 2.09419467158855 0.765954754278132 5
1.71816688994726 1.75640833878465 0.129095523604516 5
-0.0680048780939996 -0.578787309914442 0.251446175264197 4
-1.56009058060185 0.120359742777642 -1.32484894985393 30
-1.62210017816156 0.692534091332947 1.83081272705064 14
0.592772834765497 -1.70316586621148 1.52824540530157 9
-1.40293735179538 1.63293686629205 -1.8535836533581 28
-1.63589256792234 0.292126121187962 -1.34317722498845 30
1.6645525020199 3.12696543462911 0.916013070959343 13
-0.808132309683535 3.30475292185931 0.954980591149871 13
1.03020170061038 0.682932860641027 -0.281696610667981 3
-2.47660097191538 0.68629612466048 -1.2503798438967 41
-2.42832542835212 1.23171899592142 -0.45559911448493 17
-0.475550575002353 0.0537421521366986 -1.24522132017254 11
0.595794235819136 -1.47446646725435 1.24451563597462 2
-0.318175669568384 0.0178565097509741 0.828489868370396 8
0.592664772504337 -0.634054376446731 0.530633361098988 8
0.111445672041944 -1.23850276853069 -0.779038284396046 2
1.21781217687626 -0.313885227404649 -2.12671579951607 3
0.652066252045668 2.92729392884773 0.584831737378165 21
-1.83187860600451 -0.330041829752111 2.0179988174809 19
0.0832888096874702 0.0284752510191397 -0.0461630715803179 8
-0.469012668441283 0.220560238203427 -0.072499598055289 17
1.95531629706767 1.38430447727932 -0.676717366899272 5
-1.43668902327002 -1.60401958923505 1.74443822089669 40
1.9293460574179 2.06823871492144 1.34385653957628 5
-1.95289305176993 1.72227278991858 -0.609378093882909 17
-3.19619342253224 1.8521650316666 0.458020890608144 24
-3.47000784485356 0.456985815377164 -1.16650531752311 25
-2.34703783355414 1.51167669346098 -1.22206310703238 41
-1.46914864521786 -1.98346243865569 2.69603825928897 1
0.664742362036809 -1.26871408722977 -0.274132243599343 2
3.07875393678963 -0.127964390292122 -0.46449453334473 2
-0.670485126164103 -2.3422342967791 2.78667160817389 1
2.20258212600845 -0.58316936379125 -2.11642774750293 3
2.46391334952921 -0.0346767731559669 -0.103543793468793 2
-2.89668086582739 1.47541703345358 0.761327445893565 17
1.65192256902047 1.23544797324247 -0.996273466336682 6
-1.9154999064473 0.850518787141808 -0.199432226286285 17
-0.216395725443586 0.910478650669795 -1.37235208554198 28
-2.39943428164928 1.53282969099786 1.01460559559594 19
-0.658129282117705 1.12669784708069 -0.299943648588601 17
-0.473288053180959 -0.0455024997754635 -1.33500163340243 11
-1.39728297669343 -2.38673226458819 1.34566285285498 1
-0.432769105389851 0.222507900203102 -0.934317786875833 4
-1.64592805013237 -1.96505616564841 1.90967295132652 1
1.64357154131071 -0.0697115500570924 2.37315540703636 9
2.08261476593384 -1.56393764533728 -1.26453627808301 27
-0.312298478696259 -1.06112624589665 -0.452817687341012 11
-3.07537053298105 1.64778559631724 0.216364217960832 24
-0.706664119555919 -1.58513351455704 1.75692178359542 10
-0.948114239075395 0.213568665540089 -1.78019091324438 25
0.10123196560559 -0.768766224441308 -1.96075563126273 25
-0.751969363721832 1.5500210071508 0.607037028316351 17
-0.700544973988984 0.641037965970445 -1.10787637043837 28
2.35400658291464 0.0600769461562467 -1.46430460922715 22
-2.41527430773967 0.506880907849649 1.55657378279475 14
-1.23530190196341 -1.26321373275586 0.788215882019192 11
-1.59298336524838 1.02054264704274 1.74968044856062 14
0.254611631117029 -0.489263653118801 -0.213806801445937 4
2.74430157843706 -0.294312719567213 -0.339533922439781 2
1.6973634735571 -1.87665320052715 -1.24818016987949 22
0.770764381219663 -1.06804764091843 0.89453117363197 4
0.282059255083657 -0.412327462792703 -0.354843607093394 4
2.35137659949978 -0.118873409605196 0.0479833408536574 34
-1.43815181892826 -0.315890307025334 -3.16282610113208 25
0.444022123585129 -1.32990206228778 0.31776322051185 4
2.50668435597149 1.51918743596984 -0.66764519629176 6
-1.10960947927069 -1.79789767863128 -0.987225241677369 23
-0.228326955327988 0.452842048228697 1.72113293107505 9
1.87725992118302 -1.35889750700714 -2.26300879143536 3
0.490231647747392 1.19684636029531 -0.380658911544718 4
1.75846182930434 -0.705915819831433 -1.00126663117879 22
-1.24987274505231 -2.1299184750501 2.13893427765698 1
0.98229366999459 -0.533372126996789 -0.449733824325033 4
0.820856742785794 1.5181867819494 -1.37215631913262 17
-0.390177451545925 2.07315240073137 1.10945785881734 15
0.745013888222055 -2.08929164675131 -0.271082072277571 2
-0.648676277125518 2.36803956350162 -0.943085487059302 28
1.56663895151901 1.33385688876471 -0.65269317853983 17
-1.59464398994212 -2.00349564106121 2.3992591880659 1
1.31271566355803 -2.05159207304917 -0.73932343695274 8
0.562846659529168 -1.02892463490129 0.833687696681622 4
-0.827182108853372 -2.3004114561564 2.59445774434775 1
1.03592444319919 -0.321861413639975 1.10193351566471 4
-0.404857702517067 -0.612091040927287 -1.02223074131413 3
0.978833982579219 2.38726339239619 1.7352891262043 13
-1.24777658970733 -0.826582420372041 -1.02630541310708 38
2.34439854299955 -0.364298171768208 -1.8380203937151 3
2.41395988103278 1.4566301531202 1.4763076497314 5
-1.80583934640038 -0.666255438659508 1.86023054263486 19
-2.55824156864594 -0.174241716999356 -0.133363564016021 19
1.11906086362851 -1.49638790883027 0.691097361009148 9
0.448364096732084 -1.48576099085549 1.21268160880009 9
2.45573442115863 -1.1879800796722 -1.49942886137252 27
-0.191118032968422 1.29868657279474 0.313329102096597 4
-2.86521941556256 0.149069425399111 -1.26056810410544 39
1.26612620637708 0.58206622393444 -1.00896779402156 12
-2.69760760497785 2.44785314915921 -0.128919608865996 19
-0.0991856561924685 -0.767922850508279 0.725433950862077 9
-1.20273035681875 0.067993785853762 -2.87498033271348 25
-0.759106125674647 1.50166833660253 -0.492468118120647 28
0.348634611720562 1.96375257002416 -1.36159687035794 18
-2.40465643139135 0.0535502434065571 0.716520638768329 16
-1.39942828631756 -0.606282413372852 0.664069899464125 19
0.194900961105547 -0.973626256067058 1.17602150159679 9
2.47495594736216 1.55777658670412 1.03773753414502 5
-2.84926240630776 0.369125785673406 -0.342492777963067 24
-0.991086307329577 0.978686522783817 -2.5707025091545 28
-1.41874869306894 -0.401665760620027 -1.40623779590552 4
0.792478434847656 -0.587055913294983 -2.32027247766309 25
1.16193453432824 -0.627979479111995 -1.21081916320505 3
0.778733742651418 -1.20793071661131 0.771616460279937 9
2.02941805974115 -2.363673792579 -0.500019593984233 9
1.00252531296893 -1.1573468161505 -0.551369641248524 22
-2.89653236553899 2.36708648413551 0.70591081349924 24
-2.1972747908944 1.93443129727149 1.19393995199103 20
0.970236618758416 -1.43647117227622 -0.797609916181818 2
0.727234894159206 -0.648014630948117 0.787082642368465 8
1.43583055137315 -1.52809039784694 0.364040885109997 9
0.241655577642546 -1.94624171808977 0.274371261251699 8
1.55633929412698 2.23367049739669 1.07097511586907 5
0.466555353903421 -0.718421767595595 0.116894563769499 4
1.54740850585059 -0.806906022938726 -1.65390392181155 22
1.08652378155871 0.52165723171107 -1.32479964519377 17
0.410160418141261 0.124050935299242 -1.03634424996028 17
1.14008336127911 -1.64525918895612 -0.867200036627009 11
0.371274082920067 -0.856602221365246 -2.31652188535707 34
-0.666467816912056 -1.77414398085606 -1.14692421349503 25
-1.96966360974933 -1.03593848942246 3.09547245760275 1
1.33771538169662 -1.50491197069185 -1.86767772773465 35
3.14494954834007 -0.618201652488792 -1.01788498143201 34
1.26433038621132 -0.778992998173399 -0.750170606448798 3
2.34083886300087 -0.788841504711598 -0.720810890375353 27
0.42555984300526 -1.07828866658045 -0.494421211625051 2
-0.935294716145115 -1.14510794150159 0.957460619657256 8
1.3238001597401 0.90135899978138 -1.18279843919306 4
-2.18848174918048 2.19311843616568 1.11605032646006 20
-0.94432088608217 -1.1850869791656 -1.57791414668036 25
-2.00688175592551 -1.34107837116225 -0.247150339285926 17
2.10689207964968 -0.703814489263728 -0.570295774892383 8
1.95128833368951 -1.46258132731106 -0.945261781469238 2
-2.29191288699957 2.23747032289132 0.991427059198803 20
-0.829870254934629 -2.79543001469359 2.34037869063665 1
-1.4065884014575 1.67626272352642 0.82374714912574 15
2.27943669901574 -1.45856763439297 -1.74646578977935 2
0.924438035814742 -2.23442005753555 0.328678036964956 3
0.8661976182816 -0.942775121867099 -0.064031572399825 3
1.91858306060153 -2.14023052246891 -1.52533193755191 8
0.0918392910794973 2.26838424438547 -2.77941727412464 28
-0.557030865976676 -1.21030238039714 0.449565009820212 9
-0.303319784318392 -3.56654612520761 1.39193792575467 1
1.07949119787917 0.654308342528013 -1.29480064116883 6
2.05670130241629 1.47383437251447 0.692528253826686 6
0.817804914521579 0.172597225160474 -0.518708559943442 25
2.34555276166017 0.693234828106112 0.460026183554706 5
-2.02285925894715 3.12725011399661 0.251445816286829 29
0.997870523768801 -0.87305325815975 -0.942103575859567 23
-1.36999354244364 0.495686684245846 -0.659086906466055 33
1.83759571360039 -0.702442486952117 -1.30663336046245 3
-0.349382341813334 -1.05910494102554 -0.795465625587221 3
-0.248712229330046 -2.58101935931037 2.4713155231741 1
1.60090832534042 -1.36576681401084 0.472946043638165 2
-1.59248403822274 1.7864243366103 0.00313800936545683 33
-1.17146887139351 -0.112280549098394 -2.83711614950495 25
1.8953214422594 -1.67365629708047 -0.637432667401211 27
1.68611747695444 -0.307681006719563 -0.234986582150206 7
1.41269403573619 -2.00921669081672 -0.317784833755882 8
0.506186649162883 -0.519040240941818 0.104191922591095 4
0.146855415559259 -1.76333549769572 1.0942475001413 4
-1.15365029486017 1.27971654422604 -1.9723506286975 28
-2.04474731902975 -0.0324775514389285 -0.919999399640625 39
1.78199492460338 -0.595141322206299 -1.67499865997688 27
-0.428202044540588 0.555958523755055 -1.52703334584521 28
-1.03264933962451 -2.05998926002433 2.60620623192672 1
-0.295658960087151 -0.697248019984634 1.17395226966534 9
-0.0671197066950702 -2.28148148666346 2.09280295375573 1
-0.57563812388267 1.83917712325365 0.504990799561231 17
-1.17514797614574 -1.86259066764188 2.62591772776512 1
-0.697132610441292 -0.358520360965243 1.21605618596214 9
0.969606991833656 0.0934386356846811 -1.39157206157352 3
-0.402559731575039 -2.00907319896559 -0.681244698032192 2
-1.08322161570649 1.58846878981745 -2.01029889545 28
1.19637532958191 -0.827402178900733 -0.26979178970597 8
1.92790428391036 2.11625344328863 1.40987824849258 5
2.11560991452895 2.09991642957247 1.1741829221926 5
0.899244599796015 -0.74373446228743 -1.41504166331896 2
1.20706726757012 1.06623950865298 -0.44920852173265 28
1.54105486836848 2.29818218922589 1.27865348996852 5
-2.08383493526841 0.600733458518607 1.08359008476529 16
0.257585946049617 -0.793763054830786 0.916370698482894 9
-0.534869011040807 -2.71043442414411 2.11718707854522 1
-0.279759169204769 1.43232220314016 -2.55157109301421 28
-0.985808580507936 -0.136942616149892 0.84725991957767 8
-1.3703451758478 2.23927927954536 -1.59018315086598 42
-0.192675342330419 0.923227094427846 -1.50704216500586 28
0.956945059261028 -0.558949052244907 -1.3656533488635 25
-2.9721128185874 -0.635295740471073 -1.38041321321041 39
-1.87096005416213 1.53142714688811 1.62116163979699 14
-0.169732900431355 -1.3545685842708 1.01293541924822 4
-2.3440658675885 0.893653227577883 1.17691678093539 16
-1.47524965078212 -1.85245780097929 2.03677222292577 1
-0.857530874187904 1.49122540957549 0.300058524787532 26
2.07757268820552 -1.44661437135703 -1.4984666959164 3
0.0919129144137968 -1.47223500259192 0.171171945815544 23
0.716632847507726 1.6411062754536 1.83378568346805 5
-1.76115908529174 -2.18593552689542 0.980791349707849 38
1.12219791261587 -1.75418088011073 -0.671357047280357 3
-2.20303045045354 0.241169985594456 -2.15586004968004 39
-2.57741555208921 1.5108078629553 1.71676693377249 14
-2.81659941419358 1.21380511233477 -0.462681091333235 24
-1.22612002736342 -1.71284213829533 1.93197833773796 1
1.03773993662567 2.55644454475924 1.54341647658729 13
-1.54098820577048 1.34743507250937 1.0769077821997 20
2.0943612771658 2.26866650098921 0.874381824030394 5
2.29072801746156 1.93222157688183 0.806818013571226 5
-1.96881386215906 1.37009575653119 -1.18276007522017 17
0.102434311346252 0.0608920646952265 -1.91438576761185 7
0.467489263341527 -0.314934631986298 1.19580880546449 9
-1.80636312384489 -0.427883052229467 -0.691939076748848 24
-0.910740360844094 0.48247477867526 -0.990931611143044 28
2.27840860265365 2.262001650253 1.25391531325593 5
0.154502418133811 -0.905545015281802 -0.401557714865302 23
-0.373919946416954 2.29368111972698 -1.58504497961647 28
-1.10242191679717 1.42026963619146 1.26581370803788 11
0.327270365923551 -0.47275804615038 1.19704146317274 9
-2.75253043800413 1.61832748566945 -0.57429557992972 24
-0.415019834901921 0.875505042581872 -1.62237175690686 28
-3.77120016902016 1.90936388757755 -0.819819064389529 24
2.32647166448249 1.88585200731332 0.575590006449823 5
-3.35273229971544 1.80581985892013 -0.34086242274609 24
-2.30159994375732 2.96402300276081 0.924112059573844 24
2.3558231717414 0.361466917306878 -0.354610888097732 2
-0.583990397559763 -0.222882494083325 1.65559359302081 19
-0.589077204518392 1.36070070461833 0.23689154929391 26
0.632888999123243 2.03055315852879 0.271300416400869 17
-1.45656407994871 1.76560432900784 -0.265494089588401 28
2.38502197588424 -1.07504438797225 -1.26274976465702 3
-1.7333970483048 -0.740963247142883 -1.25773085447101 33
1.32622663443545 -0.550940914101442 -0.720473779174967 22
1.50324947874456 0.211618690114128 -1.13143456587851 11
-0.0935580478449282 -1.44965355101532 -0.460680471581271 8
0.48628273067741 0.683603611314968 -0.58975227022997 17
0.0031490196787938 -0.681600156516968 0.147176932912299 11
-1.17860571400501 -0.883378403132932 0.138037307833866 4
0.977154467829233 -0.8718300145391 -0.601653279881887 2
-1.42421657356195 1.36472993555292 1.61519788625847 14
0.192339307250172 0.146038175619419 -1.16867038288394 22
-0.828191930697841 -1.51248336415956 1.61040348932023 10
-2.60121413189904 2.98383849461373 -0.322402901813563 29
-1.54668054601677 -1.88704657853798 2.5748879028734 9
0.328936735945436 -1.60775467154286 -0.0902234938798951 2
-1.05604935983155 2.44529088633462 -0.720713345386588 17
-0.445497431687123 -2.24138814632514 2.81774911339535 1
2.70820767806241 1.69674732590266 0.278056964473365 5
-0.659588931478539 -0.359393297776957 0.903715161933662 8
-0.0631173224446558 0.911406111295758 -0.866589932513933 28
-1.05646389898174 0.848878055746246 0.603941389716682 11
-2.74984336501659 -0.468351947777321 -0.207453817227002 24
-1.57289783638526 2.64206424675461 1.53059055526654 24
-1.70341563294866 1.56524391642481 1.14651832658909 4
-0.468308743508175 -0.467894576707615 1.04896336881346 8
1.11199397524748 0.410407660614483 0.562653394613724 11
-0.275096315201006 0.233590726298984 -0.569616542074543 30
0.929934853173157 -0.951485406766567 -0.681713664374995 2
-1.59343903854989 -0.238690474016413 -1.0368348050348 23
-2.74003366186753 -0.0866354502278324 -1.29126741972015 39
1.06350121020776 -0.325170469971367 -0.700656551875016 23
2.5122525399209 2.02341060366471 0.939289789534223 5
2.62097533823666 1.77778791805563 1.29086473004124 5
-0.629812967977189 -1.15686174341349 -0.769988917021973 23
0.898918282154388 0.180339816621276 -0.0351468397393545 7
0.483962905043048 -1.3604590824807 -0.451521984707952 2
-2.73180064404551 0.99794355853854 -1.1597805984993 41
2.50696689267127 -1.66135662213359 -0.337960132064698 27
1.23030796457399 0.337774697256512 0.812913038084443 9
0.0270990986531674 0.864005988014135 -0.864780828304623 28
-1.24630008772662 2.53393607474871 1.46231825914131 24
-3.62920673427479 2.02959975478197 -0.874203133362001 24
-2.08937861600048 2.00490107338222 -1.41994957711274 41
-1.37312821244861 1.54569866281267 -0.896861363947973 17
-0.393487740765046 -2.12075632781001 2.60994904272281 1
0.524402245251446 -0.393747354211743 -0.688145988346191 2
2.21395676077068 1.87315139485297 1.1819979465073 5
1.23868133689311 0.631790569146753 1.08397258041372 5
0.791990323690278 -1.33549805387869 -1.4408944503286 2
1.72534684117292 -0.182962064991598 1.16446197099067 9
-0.166229171375966 2.39405043596396 -2.05579102062784 28
1.9168468926269 1.57912342027377 1.38423642392799 5
-2.47842746182367 1.92710591815599 1.42836565922853 14
-0.408242251439432 -2.4639027640692 2.2820227445482 1
0.617724530109853 2.05694953742652 -0.914623062188034 28
0.342580361828578 -0.0397514156678825 -1.6420148784355 25
-0.336537280120095 0.797639310022323 -0.624990815426727 30
-0.294936520471322 0.506888416378189 -0.0926449952549885 17
-2.90583635164554 -0.204895153160293 -0.0505221081469726 39
0.800717095599294 -0.428536947546067 -0.90212872317909 2
-3.58030802523088 1.63815536814048 -0.233490192004925 24
2.60165761400768 0.173052262843333 -0.951166582178171 22
-2.6734026529768 2.08174976084042 -0.195667313288262 24
0.531886183651276 -0.36778572504938 -0.503796142068542 23
0.525920327852442 0.218522301876254 -0.906545534768008 4
-1.38166645513355 -1.76814180802963 2.47409543556111 9
1.05192879959501 -0.965047715551248 -0.477509350023183 11
1.76125294617617 -0.448541625654767 -0.0617033804322153 22
-0.861606914854562 1.52942652275077 -1.58760251490128 28
0.67825743590392 1.54350084245428 -0.866388529184063 17
-0.914485712999437 1.4177394418869 -1.77194760460603 28
1.88605270464815 2.49333514696059 0.495800569268131 5
-0.611785593473335 -2.32285826572686 2.36501217941877 1
-3.68813578113863 1.02115876234614 0.24537049531142 24
-0.049766191910294 0.759267598240402 0.864379579366712 11
0.380393292437086 -0.394127020617323 -2.17636046425773 12
-1.29982847508835 -1.68965615185203 0.581470262112069 2
-2.15115278251924 1.47776845958622 -1.06968693271934 30
-1.84006605153121 1.71017895794979 -1.05085066768778 41
0.339771314911589 1.91151202770008 -0.372715032311368 17
-3.04398400003458 0.463272470866079 -0.440652782000178 24
-0.141406420614445 0.30933957688139 -0.513787277034237 4
-2.6263667497933 2.37839567327083 -1.37544291109301 24
1.94978400035057 0.917321268117659 0.674680185426321 11
2.01885478167607 -0.771362179923465 -1.59562617845287 3
1.75061553106434 1.67266347342649 0.515795451936409 5
-0.955183034534272 -2.30501632952062 2.79710863997364 1
1.314340904408 -0.258072914354478 0.294011314594681 4
-2.44889410177754 -0.902131779149931 2.05691209737226 1
0.802197946414015 -2.19969601914082 0.596595648615061 2
0.864343750665341 -0.921484688956202 -0.549594399138057 2
0.46788512477346 0.124429472757492 -0.115401320382442 11
-0.886862285925689 -1.86060573681331 0.812600290172656 1
0.225710943357215 -3.03781784821256 0.904632910498621 3
1.32671799954786 -1.00049385647766 -0.565754969781604 11
1.59164354609294 0.169135318384517 -1.26202272100813 2
-0.770404163440525 -1.44997575825406 2.71138969677241 9
2.50168795557643 -1.49310070854729 -0.416639280498541 27
1.10105544040718 -1.67711913699425 -1.99391994708997 35
-1.74507029248653 -1.11708856461889 2.2640566238604 1
1.2890597136043 1.23521600401535 -0.979432450694666 33
2.69330366849456 0.464113813088811 -0.275523864739114 22
1.8693876903037 -1.83498564099387 -1.45656077356583 8
1.82904034478617 2.08641662117574 0.0353457999920577 13
-0.358235920881214 -1.38717113200412 -0.296874336637892 8
1.35579788775406 -0.530179652845325 0.259500784422449 4
-3.36835663605433 1.94742226033383 0.307648945244343 24
-1.48777294038177 -0.214350429854045 -0.716331439326293 4
-2.27770009836723 1.40113869971452 -1.5639674639109 24
-3.13288621132282 -0.384959458164596 -0.22615109183049 39
-0.931611499240951 2.04968893476829 -1.74812930500916 28
1.69344408886164 0.835666180254422 -1.38924386378284 6
-1.66515832094955 0.898434776535509 -1.31863416352722 30
0.409097499980298 0.0038149507337589 0.281194588686306 8
1.55597627836786 -0.129530137710402 -0.194878874198981 4
-2.80587564064963 0.650106360775826 0.311159418383304 39
0.700997763925314 -0.284913059966842 0.0403338408077358 3
1.26685137081166 0.801013044293543 -0.827057605415764 23
-0.515983481273214 1.80314120773616 0.218410709396901 17
-1.22013818266476 -0.919019670047074 -3.10293865058275 25
-2.01353902806161 -1.11332228489346 -0.537229839668513 11
-1.79951994790501 -1.01349279688659 0.616260921082324 11
-0.911247341612741 0.0141014082444201 -2.1408168609045 42
-2.45466872572148 1.1839417214876 1.26168076706788 14
-1.26690071070551 1.87323567192118 -0.00655635747688125 26
-0.467018474541287 -1.41870927730302 -1.43418339326175 25
-0.0516710997633273 -2.89510870650992 1.07994019073869 1
-0.698799386504045 -0.771783602944777 0.768510722871564 9
1.90415626229252 0.958961448718798 -0.45063250964598 23
0.930602133683929 1.99243337632003 2.81601412589958 5
2.28623434026588 1.35699607266995 -0.0958556883770423 12
-1.8228494184634 -0.531634889606337 -2.61833494757325 25
-0.412430170772708 1.63724117085499 -0.391237757585152 28
0.052688394101292 1.87959357597137 1.79286943760927 5
-0.920162580637084 -1.34356529831638 -2.61731760633709 25
-2.21692873676848 0.805732697161867 1.84977288046283 14
0.00753908365400195 -2.41686097438506 1.16594250900724 1
2.30769609304096 1.7696438914984 0.463859699091225 5
-0.136510671301091 0.32247750732055 -0.573406612871498 23
2.45990417956267 1.74408902534265 0.680551551269821 5
-2.1177838872907 0.922687037028121 0.821977704081084 19
-0.556923346112928 1.55467461681011 -0.910379535331558 28
1.55967935962888 -1.02916247674422 -1.86261867986041 3
0.540374501066562 -0.951643089048217 -0.56985922939171 2
-0.712449319328792 -2.07370506156076 2.92882506459786 1
-1.54189347774464 1.62338121729597 -0.0499282060808402 29
0.966138695258926 0.356385347021947 -1.34930363444669 6
0.652005653380628 -0.468484683239545 -1.46002617998743 25
1.04034968457661 2.65127388501969 0.62478841209596 5
-1.32643708716875 -0.20575333877109 -1.74261333630735 23
3.24287025076645 0.94746324488887 0.197854089282724 12
-0.625348605041631 2.16704979266308 1.41865340298069 15
-1.02369752555242 1.64538240193581 -0.536052291555708 17
-0.0867277318918429 -0.22425574076423 -0.615880067506506 28
-1.05789030548256 1.18146849357256 0.866718398186873 11
-2.17842360713578 2.73953088179704 0.386028737133802 24
2.14979738719554 2.51689458307241 0.772675532781488 5
-1.24430059633292 -2.27644752570622 2.4323264288079 1
1.40445139862489 -0.620561704961143 -1.06433023071891 3
1.771808387566 1.66990061522168 0.588949894251776 5
-3.24065374409496 2.16174664709618 0.691823535663186 24
0.586407372892161 -0.970603589470884 -0.492105082641554 2
2.39279536999786 1.99934945654453 1.27986661583105 5
2.24775037620967 2.00746628387303 1.40282591729295 5
3.26522608822058 1.01561288102047 0.0549015547403054 12
0.599709244956835 -0.128075979423122 -0.979057074209526 2
1.01747982567821 1.43441096217308 -0.94145983777187 7
-1.22973883817952 0.673507493807731 -1.05477194331089 28
-0.270923577067627 -1.20752006748015 2.35762030824375 10
1.29691610788376 -1.05195384350343 -2.11655710477139 3
0.943100990700387 0.150152054712491 1.50377940787818 9
-1.0768065615981 0.717459291226069 -0.732334533597886 28
1.20148754321899 -0.322283427479416 -1.64337615525876 11
0.213172595434273 -0.441553937357317 2.05252406589327 4
-0.503956949204172 -2.02917741840307 2.71444814552727 1
0.499253656943779 -0.364904084323709 -0.421056533093435 11
0.514679296580619 -0.948466278812558 -0.658764784697413 2
2.49679556545116 0.837358635601812 0.217180339395236 5
-2.1222729761612 1.59092316016592 1.16936601103612 20
-0.902521118150907 1.21292861611253 -0.293979587719902 17
-1.15509571898606 -0.84359081603425 0.909767959790918 38
-0.949211175245781 -1.69108101844495 -1.20692616230163 25
0.293156819585431 -1.12842330421526 -0.0907831334809302 11
-0.0209930873403058 -0.182077995661714 -0.959303998853416 28
-0.337656613006213 0.630326592072256 -1.23192292216132 28
-1.00905056345717 -0.0695521217303419 1.10783682026748 8
1.12145192598121 0.324668724332748 -2.21488279396838 28
-1.14701307007645 -2.18019794365451 2.49883790542047 1
2.38491687291903 2.08036064420968 1.2038112223153 5
-0.281769624620924 -1.26189825662104 0.988563270735887 19
1.04627578866596 -2.2431753565207 -1.02317980893358 3
0.0113698777445936 -0.520453510141895 -0.562477939748369 2
0.563382826588052 -0.875380745634878 -1.36588481737647 22
-0.827564166564132 -2.07437356594535 2.65461480785395 1
-1.66333253199089 0.547730870210922 -0.69475067877255 23
-3.62342241450609 2.21263451561704 -0.230808964958351 24
1.83003496762977 0.791203066786528 -0.700236243762378 12
2.12117950512624 2.38882433138245 0.981926008503715 5
-0.118096670122241 1.02696224077988 1.23671271066965 8
1.23764499385298 0.626925003042232 0.250316366653972 12
-0.121225755034166 1.02910208557862 -0.372269535591775 33
-0.515656781906192 -0.325752441400134 -0.706889952491292 28
-0.594533731415777 1.18471184614833 -0.492886959387923 17
3.34415244026094 1.26640034332096 0.420056827744713 12
-3.06190188543571 0.33156773406053 0.602015643038061 24
-0.833201026581357 -2.13612284926021 2.82717435117966 1
2.10695499624885 0.774662861705639 1.62124854600176 5
-0.692476977607471 -0.954723780792114 0.787859757000481 9
1.8559991841768 0.808832727153302 -0.176185475237971 12
1.83429140604919 0.0791261499146859 1.04965364478649 12
-0.669131744482967 2.25490278512724 0.301547438790434 15
0.253370303222805 -0.0304106933760123 -0.235810366132697 11
0.540582844927808 -2.1730207208342 0.955341135104513 2
-0.90469462501683 -0.686440820631019 1.13702908356939 11
-0.52228519161493 -0.986779036325136 1.61797628398645 4
-0.750237643191328 -0.577613875436153 1.29135604881351 9
-0.527131926662516 2.10358780413803 -0.27836728747352 13
-3.16884755525817 2.63442521708794 -0.808141274983126 24
-0.932864105753421 -2.13153190904466 2.76696826193757 1
2.42902051788926 1.51770302979713 1.15397137631461 5
1.51172500593889 0.241160879553671 1.60917045847935 9
-0.101998374043367 -1.33361217292018 3.00980149218127 1
-1.69300210168002 0.194134942948603 -0.0678856805644295 4
-1.78545920228567 2.24833173976338 -0.964679971253133 29
-0.545585174739467 0.526965386792903 -0.230531141746007 33
1.10679504772906 0.281964542937117 -2.26539557593776 28
-0.472926362398827 -2.01118524987651 2.13862418930662 1
-0.937306986124861 0.0238941901012641 0.372824035766925 11
-0.506017696671695 0.762550264578665 -0.679358272882813 28
0.443282827154449 -0.182014015882723 -0.206690734976439 11
-1.33878047787996 -0.144972238075247 -0.407875994827803 17
2.95093151299274 0.478538901465537 1.56160834745357 12
-0.765048324521505 -1.65232783037806 2.7532369354897 1
2.31023952775942 0.770009914321614 -0.408958992229124 12
-3.08670617575669 0.032568108963631 0.451756053286655 39
0.41091720925893 1.11582776613149 -1.08691192301772 17
-0.62849350905092 0.928660709705905 -0.285589321593492 28
0.833621726863044 0.40721150660396 -0.369612655000257 6
0.668656922782812 -1.40720371111467 1.16934919517036 9
0.539666154756015 -2.70628510689949 -0.65460279352317 25
-1.40044943961588 0.473933048719368 0.235637341847876 33
1.88522891648691 1.15424490654178 1.93158014730826 5
1.1250011652805 1.41482538569275 2.53156395349825 5
-1.38776165859 1.61599830678498 -0.221418638942827 17
0.0837415129492613 -1.1824608035726 -0.396874285142009 11
0.518589615496428 -2.42948840286258 -0.367916477421651 34
0.964617776389856 -0.96537861853986 -1.08214135459399 25
-1.03334789002295 0.464619861971281 -1.40087628069373 17
-1.13065509038442 0.428883565135097 -0.875733465500428 30
-0.0142246748062381 0.33537076054102 -1.84897353017354 22
2.21880474933447 2.06699639591904 0.234468928412062 5
1.05548848770615 1.94049128156089 0.34490942784527 13
-2.16693364508842 -1.74003544039672 2.04344197300787 1
0.944089811165823 -2.29038603071796 -0.201219351485544 3
-1.20334525348729 -1.67977604810129 2.23496831542297 1
-2.43365349650692 1.26925305317001 -1.6994686536621 28
-2.27851979601247 0.242658719261691 -0.71973872043128 41
0.882747001981468 -0.466907643607503 -0.400304361494029 4
1.12955991007899 -1.05969089374834 -0.456609560351041 23
0.107271035279703 -0.649445515974966 -0.524191392763563 23
-0.70164289939421 -0.385977749163666 -2.57186559733029 25
2.18674891796573 0.601178533261131 0.440127575719814 6
0.239319491696879 -0.668172455456413 -0.820680371590719 25
1.1221998765838 0.845254660968611 -1.03868541888357 3
-0.905153576860085 0.562615462352865 -0.774827231461233 17
-3.05577461548204 2.28644327926537 -0.859056907651556 24
-0.105931658356727 -0.800817753856839 0.973276682375302 9
1.26807480460628 1.08818938919801 2.00334938487394 5
0.84598252156182 0.964070681714441 1.15059520546014 5
0.0517234604466292 1.92978547162471 -0.172501782696188 13
-1.2804625571709 -1.57055330405951 0.930259297338862 23
-1.61260319676723 2.25826827453539 -0.906304032225913 30
-3.18462790690512 1.99083194547521 -0.67351785682839 24
2.36325250146088 -0.0591370701176578 -1.11025480820358 6
-1.05718715950992 -2.5233860256996 2.50438907211284 1
-0.956829690614177 1.67083393086604 -2.20336384900629 30
-0.981068128123321 -1.30645598093392 -0.744911678445266 23
0.43139007060723 1.77182114606898 -0.698696061063601 30
0.351554345167649 -0.440947686940004 -2.47048080020212 28
-1.13413355741552 -1.86476484583011 2.90703760915562 1
-2.21923046080216 -1.85814164822357 2.32153623614148 1
0.914119491304966 -1.75538474925558 -1.34532807559377 3
0.541975574134515 0.370920617403174 -1.77238494966008 17
-1.75659970380798 -0.528803867981674 0.216011759428997 33
2.27333986407739 1.4120194852795 1.22091655603889 5
0.890853929850001 0.742480206001021 -0.704142112888178 7
-0.528533938713413 -2.51669575049879 2.1173763368189 1
-1.33968609294103 -0.933671151366372 -0.12066539182296 39
0.0888104148188875 -1.73702692748593 0.707886393485482 3
1.90577058518072 1.59970588792798 1.29498515568865 5
-2.69888839634826 0.10689168413127 -2.27943018705586 39
1.85677807436388 1.56448606376307 2.28984440066538 5
1.78816557650902 -1.28288881339053 -1.2196376894214 3
0.08154311616928 -1.73733172207277 0.988783727176487 3
-1.19396930314267 -0.0363987560910537 -0.862735814772842 33
1.03717861283826 2.58929393111792 1.19806364077387 5
-1.69073122080613 1.19538721471482 -0.617088820436641 17
-0.630314447743367 1.80337313744955 0.819614914530817 17
-0.165421753349095 -0.927753494058166 1.23293381611604 9
0.396638326114103 -0.000967485616658851 -1.20342524222269 23
0.154647140420091 -0.769256957901053 -0.908454397281502 11
2.67832866648769 2.10908396176541 -0.251599264292258 5
-1.18038432248313 0.049685897372799 -1.70516324271048 25
2.42237606262627 1.26034457742483 -0.43481730737791 23
-0.557368430809 -0.433263372029734 0.0514530362489624 4
0.832374078679454 -0.506891880180545 0.279351367596282 11
1.7101198808581 0.702911067978608 -0.452823143051316 6
0.534366258776098 2.41322029970953 1.64210855025187 5
0.191165065700133 -0.316579574814165 -1.20395308927961 23
-3.51156637222242 1.37747082808541 0.286302101495235 20
2.59435805104911 1.8499948523247 -0.525355301222091 12
1.71507811316654 0.930289783299986 2.14023082771636 5
-1.02083143413806 -2.48444733079163 1.81907627621928 1
2.30926603377675 -1.90185173801101 -1.00273497278269 3
2.13813341106578 2.40000421915727 0.127127723983097 5
2.02899674393087 2.15474309836527 1.15298853245088 5
2.26152448805735 1.07145810717824 -0.55887727140441 6
-0.296491715530867 0.663605032527481 -0.528405922482275 3
0.750691699887995 0.0797477727963801 -1.46085021165361 7
-3.26198489464046 -0.0369360060135343 0.27870852676154 24
-0.610573086947437 1.70954413165582 0.931648300853501 26
-1.08982142193621 -1.91574077876692 2.61350101481257 1
1.35210522500258 -0.463416590391617 0.47757865355906 11
-2.16435515282815 1.73461960820484 1.63338206430112 14
-0.117260856910315 0.411368209986964 -2.05330997760625 3
1.39110627353953 -1.00802540979851 -0.838830073135022 2
0.0222779373504934 -2.15756290234713 0.672796278402794 4
0.635348913603866 0.156636297549565 -0.824676530513821 3
1.98745622092357 0.896388465132752 0.236407010811333 5
1.34262203686629 -0.672970495780225 0.00280074948137781 3
2.68104404487126 1.7480484084551 0.0645093960227179 5
-1.11131871301673 -0.276484129368019 0.280347970537509 30
2.66532722695794 1.69260837000223 1.0499777594659 5
2.36928517967501 1.64081995204917 1.62785551798292 5
1.85835067561042 1.47317485483545 2.61574341899392 5
-1.19797404611589 1.09252712409475 -2.31557058698971 42
-3.15076542556635 -0.114242138696035 0.229120601152138 24
0.478861211041842 1.22741826075352 -0.955100534523802 29
-1.57136082552788 -1.11903697675862 0.906936644239345 11
-2.77893872563505 2.18692282888556 -1.75838651821379 41
-1.82173090557574 -2.10867758886181 1.61631831928557 1
0.883084529953246 -0.745846848152755 -0.572806070720636 2
1.04742456903755 0.0627553129666234 0.139475453457459 3
0.853785750883987 -0.565084953032931 -0.460801785107658 34
-1.75130138121553 -0.130152452437466 0.474256673828925 8
2.4802289474292 1.84687182750402 1.23901779558699 5
-1.24850914176228 -0.832694447158036 1.11199982855855 11
1.288158280729 -0.243364642797827 -1.15570395660656 22
0.422220711228333 -1.36108436536653 -0.680796451816599 4
-0.736317610814096 -1.92203488523952 2.90467888209655 1
-1.70283233627141 0.801198696164247 -1.86473674755527 42
-2.03046266558136 0.445945519622062 0.736274255570806 16
-0.124398803188486 -1.1530495334289 -0.301216625564309 23
2.21865141108626 1.81913373157182 0.153440199910439 5
-0.270062564906308 -0.669446941412869 1.24415717143437 9
-2.26389613376992 -0.223173658814926 -0.118335346145523 39
1.39569739021637 1.52488072466388 -0.728503107816357 6
-1.28823076906294 -1.80647182153244 2.25418852244544 1
-1.19573093247382 1.34236605384459 -1.78110273091177 30
1.44096858819061 1.81285100543475 -1.6177893378691 6
0.726408889347082 0.12166861464746 -0.560272683658177 3
1.44053536205763 0.889969925624761 0.820340830707876 6
-0.316164068261843 0.650943018199843 -0.735328510026742 28
0.690120802061033 -0.584992831362832 -0.14502391682741 2
-0.171849399788224 1.32611883974411 -1.01546851007704 29
2.49071061309816 1.87675017787226 1.56405832467445 5
-0.886440599528967 -1.40090605770182 -0.567964294831212 23
1.01154204823904 -0.769863762989579 -1.63519808989841 22
-0.923290347765725 -0.28470948946544 0.069058562381518 2
-2.89996634416289 1.60220150518955 -0.764450668725684 24
-0.488975090892705 1.084938249508 0.836936875008768 8
-1.03729846550899 -2.00715530660454 2.75407318898168 1
2.30238118376523 1.64166347062617 1.4811965099523 5
-1.0537121374042 2.14437151946661 -0.439592026057466 18
0.996355098874347 -1.53986184567303 -0.959723819801703 4
-1.33105202278157 2.11548061815773 -1.80291983339741 30
0.850913480312689 0.231220676970446 0.814324958116359 4
0.302744798840068 -0.638178756275271 -0.87013104078719 4
-2.39387955552991 -1.1249372156958 0.786389942155891 11
1.3013500271276 -1.06786734135517 0.190802875225883 4
-0.0808234073194684 -0.0453954007060889 0.821733239428721 9
1.63933126688343 0.576603546034689 0.211029846340306 11
0.665718440338445 -0.788830953948145 -0.312165545812559 2
-0.72609734239316 0.560215956018995 -1.0675435203663 30
-1.02279853847047 1.64722643992496 -0.323639517941217 30
0.890036125895046 -1.86270249210576 -0.266086035211083 3
0.453058494672854 -0.448564019823953 -1.00811317529739 25
-1.00536495640426 1.53299978897489 -0.365648452322575 17
-0.708110112864774 -0.264888784105161 -0.65238128312053 4
-1.33293288738889 1.48619511044228 -1.33995465725266 30
0.581073989907079 1.00652631157754 -1.10064294821144 28
-1.21931768184287 1.62219504706898 -0.83974983787755 28
-0.87189606334002 0.752943653118109 0.887466631372134 11
-0.254571760610399 -0.361966833744528 -2.36835940499685 25
-1.24826922381295 -1.82626449404915 2.53385949563263 1
-0.413543447773458 -2.58860740167966 1.80771532202898 1
-3.19773111851093 -0.429306598718445 -0.0618493555813746 24
2.23722780861133 1.2677524083502 2.02411032835224 5
-2.16398949313322 0.957686691765197 1.218289742822 26
-0.62197319940606 -1.53408783989806 0.292496775948418 4
-1.66112803645313 0.703516584665753 -1.08880309396543 17
1.70888352151576 -1.52186419839692 -1.20616386182201 3
0.96210977402872 -2.09687426166277 -0.104756032052171 3
-0.717642143861823 -0.374662890013117 0.755678867727664 9
-1.66435109377429 1.72449560646022 -0.905325226657738 17
-1.67988041662799 -1.5475065104995 1.00677410826033 10
-0.41664015972526 -1.52623988684283 -0.78328293707353 2
1.23170646076187 -0.745334424719004 -1.25474839982352 3
2.74994655825121 2.05826566519881 0.833562110852394 5
-1.36549899973994 1.54418999995157 -2.05682060280403 30
-0.923601216419169 0.791134614983162 -1.33940423778346 28
-2.52510087034579 1.67375071774976 -0.0921262475140774 19
-0.452740258281664 -0.480242334577686 1.22189380751128 9
-1.05276050607523 -1.32934044815812 -0.555867946941363 11
0.0791236729575609 2.08584376306558 -0.951856206073536 28
1.33770382842402 1.28423974380445 2.39240805778987 13
-1.03732803114152 -0.529418724000628 -0.249375417208179 11
0.436286057888804 -1.00190491170073 -0.370037760369288 11
-1.23089192303205 -0.364244882913246 0.462408030948809 9
-2.91583844008453 2.56161912332648 0.343534816177258 24
-0.595559513013457 -0.808097421590259 -0.525929429071833 4
-1.8660437129005 -0.986163842612004 0.131784503859865 38
-0.906002586828574 -1.29570347235681 -0.408926155107767 11
1.58895181094426 1.93676615819351 1.30772874559374 5
-0.546575270027094 -1.06852660833993 -0.613853586120005 11
-1.23686212284297 -0.618648625461435 -0.891354237744353 33
0.66662454189806 -0.567347219999962 -2.04272788548671 22
-1.89157078757608 0.161084392989145 0.627867858535143 16
0.122657402610195 -0.624316027014731 -0.941002219884453 30
0.0487962244672947 -2.00528652740287 0.97455328507828 2
0.0101482477676542 -0.384012899992781 -0.517111054718907 4
0.963708332413445 1.51053459956386 0.888379926742874 5
0.506004177534629 1.00505419315692 -0.938714600617486 22
3.02834122227091 1.26053357610048 0.0876694820514982 12
-0.313038530806347 0.836040588878115 -1.33265285416016 28
-1.32979638382721 -1.09907477269039 -0.528879150138672 11
-0.91549681818514 -1.97628302910697 1.05353627529421 38
1.43013790577164 1.05989469799983 2.7394760961479 5
1.87690634932151 0.769002542854768 -0.312155833966031 6
2.49474221893869 1.30985116294101 -0.53804348004348 12
1.70790650441864 2.00253877520601 1.07362378173725 5
0.205160014599383 0.642993076615838 0.539516477269085 8
-0.893183689098702 -1.01291763261865 1.47363983468472 8
0.575936988968525 -0.842311826306024 -0.23636458804559 4
1.17849305392725 3.10536214687751 -0.536519040444301 5
-3.73198828910974 0.0721955344847735 0.308726905694097 24
0.014145946877685 0.333657110465371 -0.268128795519492 11
0.500854586104111 -0.165459810720678 0.053924863323328 11
1.9868538175726 1.04877936341087 -0.189019840177643 6
1.92605762623489 1.99640931459996 -0.349026594992842 5
0.582108475733598 -2.45217310320097 -0.716353110561129 4
-0.136120665075229 -0.626457592425304 -0.123152898110437 11
1.87938770423511 1.03520477339587 0.192069265996776 5
2.23275097396939 1.14382758704988 1.13947670655262 5
-0.576497435023539 -1.48201441312863 0.861884824987952 9
-1.00807363371818 -0.759335559327626 0.209232760431548 8
0.335830232670105 2.19350501333905 0.910856641821142 5
-0.884878533733382 -0.835537248365613 0.341287526724453 8
-0.488103327847857 2.08389136984809 -0.136907297518655 26
1.11425241854593 -0.516608120717094 -0.789900486508774 3
-1.12990587914858 -2.04318716036206 2.85945739824779 1
0.852042743081899 -0.823808014257071 -0.201739363883981 25
-2.18689771740105 -0.891055711370228 1.16095731363203 11
-1.0055277536901 0.933347453712824 -0.536564180576153 4
-2.00236356478989 -0.46835992010017 0.726918837942397 31
0.631483331516212 -0.315365337313397 -0.502341564566571 3
-1.45863088360757 -1.39001429831414 2.28081015201191 1
-2.79110211693938 -1.33221529976093 -0.141758530577218 23
1.55592878054748 1.20435447797245 0.209692739365277 6
0.320644395435821 -2.2222141587101 -0.873864978558816 4
-0.61438702796024 -0.740250448749919 0.0562631261686663 11
1.4617607265855 0.0465047483966427 1.23718574084005 5
-0.793921071375893 -0.506674107810761 1.43584632374419 9
1.42096317516555 2.08732216925968 1.88241020097398 5
-0.36648172645123 -1.40593748970184 1.151348981502 9
-0.714360577668376 -1.58629756683487 -1.21876336113852 25
1.86946939917685 2.91071127426537 0.738188601264827 5
-3.44196597378348 -0.35323203030976 0.646299582389435 24
-2.78995550504541 2.64508196929087 -1.08206073105873 24
-0.277383552468807 1.83374987963699 -0.284276045561305 33
-0.128352270825758 1.1650893272812 -1.19074759406527 30
1.22787397960213 3.03335152934215 -0.227760017269235 13
1.85557102143027 1.00915976456857 2.64438347359949 5
-2.6124605235077 0.937623081020259 -1.74741775550769 24
1.51740175712813 0.0320113205343715 -0.538725062151283 22
-1.70619771023391 -2.14727452099158 2.05463542069463 1
0.110650379902806 1.62659764402864 -1.53631384163454 28
1.20556007761376 0.680514420460413 2.76997831861972 5
-0.542357075702637 -0.686223267345057 -0.354634464996193 11
1.61801315215411 1.89570697898569 1.37176818974666 5
-1.96208987042602 1.2149091962229 0.32072639504456 26
-1.57472663792434 -0.708620390293695 1.35896484570509 8
1.33218272022278 -0.730360403435282 -0.818811847197244 3
1.39613055158929 1.01351395067004 2.73954540197672 5
0.819568071824897 2.6235568177709 -0.609397163015762 28
-0.254888641027737 -0.507928877914752 0.990206745254923 9
0.0540005465346461 0.0320326689693787 -1.45846931877125 3
1.77180146972413 0.415685210982944 -1.05146700731969 7
-1.45540084818809 2.90435273162286 0.476225207103863 24
-1.97490970663151 2.34736198356581 0.487136022929517 24
-1.47249134013824 1.44453528480008 0.691736542564285 26
-0.878895858442243 2.06173259203186 -0.170022237472088 30
0.0187721143081441 1.50168212036349 -2.38558161852316 30
-0.180693959317173 0.710043714367451 0.271714752186768 11
-0.232328841970995 0.485842510648884 -0.60656487785478 3
-2.26293570338433 0.116381833186498 1.42809836459334 11
1.3790417934414 2.10553291046936 -0.6339626410895 5
-1.40155498150308 0.633764373137494 -1.70295274718103 30
-2.95177781922546 -1.36485717365273 1.39049097766984 1
-2.20243949266115 0.870604779022654 0.834239065360164 19
-1.6202563340925 0.428491205696996 -0.117023205451003 11
0.0441651777631573 -1.07428586125503 3.09818347387306 1
0.526857362719296 -0.520215784913894 1.26235654315496 9
-2.58737390557902 0.676883916467286 -1.8549785722699 25
-1.35562263465917 1.11744892240832 -0.699507522348176 17
0.311638946642529 -1.07699813001891 -0.500433853683239 2
-3.68383478562255 0.904937560612581 -0.0724019843319438 20
-2.27065771508249 0.713469543709596 -1.21850147145199 17
-0.680397185695173 -1.11095897893604 0.675876231779504 8
-1.32461058577202 0.521087700772564 -0.25673016548414 4
1.31906129983674 2.6982547964107 1.21949385074431 5
2.0181330655204 -1.30160337076083 -1.57605493894525 3
-0.958009472475192 1.31428091140901 -1.00215563214233 28
-0.500635123191479 -0.341592205381069 0.166988169963568 4
0.78001765659021 0.125097981611296 -1.04072968333287 3
-2.10353524248701 2.34395231409496 -1.20059846544983 41
0.69572884744872 -0.0319945627189581 -0.657956674168097 3
