-44.0333
-45.2555
-40.1074
-27.0704
-35.0704
-41.5889
-43.8852
-39.2185
-38.4407
-33.7371
-37.5889
-43.8481
-34.4037
-21.2185
-34.7741
-12.4778
32.6703
118.189
209.263
212.596
204.559
241.347
170.579
220.034
141.674
194.165
177.545
196.37
201.048
186.391
215.92
135.411
176.384
171.876
220.627
255.489
306.462
299.101
334.297
286.973
274.946
248.734
281.337
356.348
354.802
369.146
363.637
366.351
311.176
307.519
352.862
405.984
494.994
470.485
456.199
436.209
437.404
406.637
413.833
378.361
356.075
298.492
312.762
319.809
330.671
338.421
364.098
349.145
325.081
306.091
310.249
303.409
227.641
235.095
226.994
216.226
197.125
179.913
166.479
173.489
178.24
148.25
155.445
142.418
144.946
162.549
181.375
143.459
128.432
117.368
125.415
110.981
130.435
117.816
121.529
100.317
96.8832
85.7083
57.6064
77.9134
132.812
151.415
154.499
121.695
138.001
115.27
124.206
118.179
108.708
97.9031
71.9502
96.4053
103.933
122.98
140.435
215.853
247.752
250.429
260.846
211.153
258.829
229.839
220.738
206.785
201.536
168.139
199.149
164.9
167.724
156.81
162.449
230.385
286.506
333.479
354.341
367.055
408.065
461.89
604.381
706.058
777.624
711.004
686.051
678.32
651.48
601.453
581.87
527.991
493.446
460.271
435.169
388.883
349.375
340.718
296.321
251.664
305.489
217.129
215.177
231.224
213.493
233.096
213.513
180.227
163.644
148.765
139.479
106.341
114.759
117.324
86.9644
66.4554
63.8365
81.2536
55.5977
47.7554
60.0988
20.6646
31.5265
31.907
63.2871
88.9642
115.678
112.984
129.402
107.597
118.903
84.6546
66.1826
53.4527
63.5738
35.0282
44.5569
115.234
152.466
187.994
209.227
160.533
124.58
132.442
117.897
73.5365
44.6209
65.8537
46.4188
28.6142
44.7354
10.8567
28.2371
13.4694
12.4425
-4.88077
18.2034
16.4728
-17.5912
17.7152
15.9106
-7.82005
-7.80998
-28.9389
-21.2252
-13.067
-8.53848
4.95296
-19.6759
-15.9748
-4.42181
-7.42447
-17.464
-35.3611
-33.6592
-18.6241
-31.8111
-15.5167
-31.6963
19.0592
-6.25923
-1.54071
-5.34079
-6.99632
-17.597
-0.679281
-2.76146
3.15626
-7.73152
5.96126
1.65405
18.569
26.7432
8.54712
8.351
-5.54881
7.36618
13.2812
-17.7298
8.85187
27.0638
11.5721
1.37662
11.6997
22.0969
34.7533
40.0023
31.6957
56.1669
49.5641
26.5909
22.1732
30.237
33.9305
26.6609
17.1321
26.5664
35.5191
17.8422
34.1652
46.9327
27.9965
23.3567
13.6798
32.188
50.6592
24.5378
25.1203
44.6285
-4.52991
-5.6883
22.8199
46.7726
14.0217
1.82617
-7.85071
-1.30539
-7.64897
-8.36852
2.09774
6.19369
7.51184
2.79299
3.51297
14.6111
-4.06857
10.8074
16.1278
-4.81114
-3.41666
-7.00183
-5.69635
-8.72408
-15.6778
5.29446
2.19445
-9.22072
-4.4878
-7.27337
8.34855
-5.77965
12.9822
-2.84857
-4.23478
-12.1026
-3.2296
14.7393
-6.25486
-4.06369
-3.50221
-3.17408
15.5407
-5.04075
5.19262
-10.463
4.65366
-0.444456
-7.13517
9.91482
4.48331
12.5222
10.629
10.1803
3.02774
8.13451
20.6858
8.12595
-3.02657
10.4876
11.2982
15.9975
5.10431
11.7296
0.540155
5.35063
-9.0982
4.60127
4.78204
-8.13153
-2.7926
4.10182
17.7
-5.96113
4.76292
1.83363
32.2746
133.938
298.008
420.635
432.52
522.924
590.179
678.214
758.024
768.725
800.795
834.829
846.418
811.822
769.781
737.482
723.405
747.92
696.917
709.357
704.465
672.535
675.347
674.529
696.007
607.114
614.926
622.811
557.845
543.878
556.986
541.501
530.535
511.938
450.639
366.635
388.262
338.48
349.218
330.881
308.47
334.355
342.389
193.941
273.456
203.12
153.709
181.817
136.294
182.477
139.584
61.1729
80.6511
92.0546
94.1252
152.234
111.785
110.338
133.556
141.368
99.9193
167.842
181.912
102.798
225.239
232.532
135.38
140.266
190.336
113.037
111.885
118.548
85.9525
145.838
113.501
104.386
110.346
176.491
323.228
427.076
593.259
852.403
1187.21
1542.69
1770.02
1934.98
2050.02
2409.75
2580.08
2810.12
2943.67
2999.15
3037.78
3138.81
3274.95
3764.88
3720.31
3803.45
3931.93
3926.97
3833
4093.78
4145.18
4159.88
4308.69
4246.36
4447.46
4514.42
4542.2
4555.97
4685.19
4724.78
4731.08
4597.33
4660
4537.73
4299.88
4213.68
3838.9
3655.56
3368.52
3175.48
3018.81
2839.74
2623.07
2469.95
2367.88
2192.43
1942.06
1907.68
1772.38
1674.75
1528.86
1510.15
1357.3
1327.96
1216.18
1150.35
1081.57
991.094
1015.71
954.307
907.674
761.226
846.668
813.145
767.994
735.99
688.061
672.353
596.832
600.347
579.158
485.006
457.003
432.629
406.885
286.659
371.656
257.356
319.871
284.571
219.494
148.527
212.746
191.929
133.591
138.44
116.955
88.6926
27.7628
19.3149
-1.42928
-5.80307
21.0824
8.96777
48.0014
45.2572
-3.93148
3.69473
-8.90135
-5.46033
15.2029
11.6019
-9.55554
-17.713
12.1667
-5.80554
15.2
15.9309
4.14322
9.31847
-1.20988
-11.9234
11.2444
-20.6267
-8.683
-16.0726
-6.12888
33.4592
32.6178
206.628
324.491
430.427
484.697
588.892
777.754
837.58
805.368
839.933
1039.87
1112.81
1178.03
1319.79
1360.5
1400.95
1452.56
1414.39
1609.21
1591
1645.57
1682.54
1850.66
1878.3
1834.31
1935.77
2000.07
1959.61
1881.54
1845.84
1835.23
1864.2
1792.73
1848.45
1868.64
1732.46
1841.52
1733.71
1660.38
1441.84
1452.29
1238.15
1269.13
1120.21
1079.55
935.309
1003.99
931.884
861.747
792.868
743.545
633.408
568.566
525.281
454.143
425.819
500.756
347.766
327.184
381.01
361.686
267.511
246.152
288.532
252.506
248.257
215.563
238.278
155.696
152.002
182.309
183.504
40.6261
139.266
104.832
133.398
72.7419
29.2708
21.6886
47.4768
56.7094
59.6828
69.4709
8.11098
0.565853
26.1318
-17.5615
-16.8474
22.0963
1.07257
-20.2474
0.802979
7.74224
5.24073
16.7784
12.6494
3.11299
6.72467
-22.3303
-14.6315
-10.3763
7.87892
8.91185
3.83367
0.707399
-5.80888
-0.362263
-11.2859
-7.1726
2.0574
4.09032
-14.9508
-11.6585
7.18928
-5.55743
-6.17461
15.5786
15.517
22.4553
12.0975
28.3692
57.4557
104.246
58.1102
127.159
201.469
189.444
286.235
306.21
266.073
185.716
184.58
158.074
168.124
198.803
180.667
265.605
299.989
294.445
309.569
463.248
650.741
831.606
778.1
763.409
837.68
987.549
1020.26
1054.42
936.323
981.261
946.2
1147.43
1251.45
1227.86
1307.88
1226.07
1040.46
1070.06
1038.78
825.2
887.954
822.336
741.979
652.917
575.486
627.794
677.176
699.523
665.35
551.474
483.449
477.683
461.548
358.56
370.721
387.104
277.746
258.61
318.956
306.82
261.462
256.697
257.043
213.87
232.771
197.895
129.019
176.105
149.377
181.278
135.772
93.4878
134.612
101.106
99.4881
99.7235
26.1801
81.3773
96.1678
-4.85662
78.0818
78.9461
31.2548
3.52656
37.7242
64.6256
55.7861
67.5393
48.9221
42.5643
35.7249
57.7003
21.7868
27.7992
34.8118
-8.06472
-3.6819
38.1083
30.2319
31.1703
28.0717
-11.064
6.20772
19.5905
-10.6933
24.2451
26.6649
0.714411
22.3935
4.36895
-7.50753
34.8753
56.2952
51.0854
31.3941
55.2956
4.82648
45.3945
63.7032
144.271
244.765
455.593
560.345
614.951
664.852
746.679
780.062
831.111
860.05
871.84
869.038
1018.23
982.578
1055.7
1154.31
1224.43
1185.89
1147.02
1205.73
1254.78
1178.75
1172.84
1177.93
1214.13
1163.73
1075.23
1087.05
1060.95
983.185
1024.39
950.954
982.631
1073.94
1058.36
1149.75
1049.31
937.509
876.745
813.942
814.511
763.708
725.017
663.029
527.967
550.573
551.066
514.45
410.499
419.252
352.894
370.573
340.03
285.672
305.833
187.623
236.005
248.833
228.142
134.007
158.241
179.957
110.488
198.87
171.143
138.896
32.3156
83.402
21.3775
134.242
65.7729
63.8964
106.761
46.2546
92.3409
88.5753
21.1809
59.3785
40.0576
-1.59658
44.2307
55.5025
64.1075
90.6387
51.4657
18.7374
46.861
60.8735
6.14519
-6.36089
6.02192
-11.5583
6.12086
5.67962
-4.20353
38.5059
25.5117
46.5174
-8.29162
-1.32287
-4.87272
10.5034
47.1388
21.0704
45.7429
264.453
437.124
439.945
535.322
466.513
487.555
471.931
407.085
397.98
376.948
342.287
233.219
221.522
257.749
253.755
242.168
207.693
108.216
149.037
140.339
138.123
110.313
113.394
107.474
86.8127
86.2994
48.6389
15.1261
108.947
65.508
46.9212
83.7419
61.1549
64.9384
68.0923
32.6906
-8.0443
43.3318
49.0783
42.5656
0.534304
4.79926
0.916107
-0.300341
-6.03529
-0.449965
31.1919
33.9079
34.3275
39.3028
-4.16642
31.1051
36.4877
11.1297
10.7716
14.5246
45.3888
5.06768
-16.1793
1.90704
39.3268
20.0427
-8.83389
-11.8587
28.1536
27.8326
43.2892
-9.88362
-1.4269
-8.89607
30.0051
-7.76041
-8.45742
20.2317
49.5875
21.2766
-5.03424
44.5067
31.7514
58.8479
55.9074
49.8558
-2.15881
15.9748
29.0342
26.5381
32.2273
68.3238
-1.54259
50.1095
24.3912
9.19147
-14.6009
1.34742
9.59214
-0.866943
57.7925
60.3783
83.3343
61.5868
55.2836
66.2767
10.1587
39.8185
-5.11428
48.4344
46.1683
68.5318
58.6731
46.7402
-13.3407
48.5783
43.127
39.1942
43.9651
42.1434
74.2846
79.7959
74.8635
42.264
61.6646
28.7318
87.2434
33.3476
44.9333
80.5556
77.0677
56.9868
14.9059
88.1579
58.6698
75.8481
74.5079
88.7233
155.198
225.82
244.222
385.067
436.504
489.386
578.194
538.557
562.587
550.284
630.277
639.863
628.226
658.256
713.102
787.577
852.977
766.6
880.445
872.104
961.394
996.167
1029.27
1040.11
1073.59
1151.84
1058.61
1135.79
1129.75
1126.97
1201.1
1151.13
1193.31
1221.53
1303.45
1261.7
1329.58
1261.75
1168.38
1089.16
1055.22
941.064
882.02
886.347
804.34
672.592
714.252
686.467
582.793
473.195
510.595
439.477
442.026
328.463
377.345
283.005
333.887
284.324
221.688
249.051
230.822
125.223
164.809
130.839
201.017
137.64
87.485
85.1441
43.0636
118.205
92.3463
127.265
153.221
84.6956
117.986
114.905
83.1938
50.1127
19.6614
90.6171
70.4625
74.9371
84.9673
59.8122
2.13861
62.1688
7.49529
47.1921
19.8519
50.7339
-3.82858
13.0905
75.2322
-7.70102
22.2181
39.9148
-9.20317
2.60482
25.2646
-14.6682
-3.34173
55.474
45.8983
38.841
3.67262
28.282
39.1506
47.8341
49.1842
37.7936
25.44
-9.46917
23.0662
-17.1393
18.8775
-10.5871
23.6666
35.837
-9.58518
-3.59998
-3.54078
-5.55558
38.3
7.93153
-21.363
9.34258
25.3815
-5.20926
38.4907
50.4798
-1.86451
-18.2828
6.63219
56.9175
36.2399
-23.4747
2.77359
0.836687
-12.3224
23.3315
24.8587
5.57112
40.0613
23.8478
33.6713
10.8653
-2.27424
6.25297
32.2617
43.3815
31.8717
30.3619
14.4076
60.046
35.9806
58.8782
52.5536
-5.88215
35.0896
45.3205
34.5885
6.04157
65.5318
5.13309
51.8084
-3.18289
52.974
-10.7581
-12.6012
43.0001
16.6755
39.9435
-7.67744
33.7017
3.74738
41.0524
14.3944
15.9957
-7.21779
39.7539
42.0218
-17.1917
16.1503
-14.1002
30.4271
-15.4161
39.4981
-16.723
0.574436
-9.35036
-7.90485
29.7722
20.9828
30.8228
33.8852
37.6512
-17.0642
10.813
2.28274
-24.6179
-19.8259
38.7942
18.1922
21.5901
37.5436
25.0527
-1.14197
-28.1144
-27.0868
-10.0981
-0.997086
22.104
-13.98
-6.32329
-18.5444
50.0435
23.3722
9.62686
15.6222
-10.7158
34.613
24.4232
44.4555
21.3768
36.2241
25.4787
5.73333
29.4324
45.5019
-8.20645
9.93703
-14.1787
29.6315
-12.6695
-10.9519
12.1985
34.9787
-2.05604
12.2796
147.652
264.247
254.62
315.326
365.624
495.294
543.296
579.039
624.263
753.081
903.453
829.085
893.384
915.534
888.647
961.354
1015.06
1033.25
1013.92
976.031
949.291
911.108
887.814
893.52
867.078
804.081
794.046
821.788
746.606
760.867
726.166
711.39
723.985
748.506
678.286
674.585
650.439
733.108
754.111
705.15
568.04
566.229
571.823
542.714
501.161
439.793
439.314
405.39
389.948
286.765
357.471
340.955
282.513
235.219
246.776
235.557
178.818
163.857
244.194
186.344
165.642
190.349
139.832
96.2422
152.577
88.2838
111.138
61.9918
93.6977
68.7741
24.0727
84.2236
52.8922
87.9312
85.1185
67.0472
82.0121
77.1254
-2.05698
50.649
64.7994
-7.71678
53.9892
31.7323
49.2901
15.848
3.92444
45.0007
12.5956
-17.8465
39.7114
-18.1382
-16.358
27.4018
3.33576
11.3067
36.0924
35.1004
20.6269
-13.4763
20.6798
-0.534412
-17.971
49.2222
40.2987
15.0049
26.7852
48.4173
26.4938
-20.2074
-19.316
-26.5358
27.4759
6.65981
9.43624
18.7683
-28.6034
22.7656
-9.56906
29.1
19.7656
27.3572
-5.19932
31.4293
-24.6828
35.3162
48.5003
133.24
229.498
386.386
377.126
404.384
384.013
454.308
357.27
282.676
347.453
209.563
279.266
253.672
192.671
159.707
177.484
190.372
114.853
108.37
98.2579
77.5529
107.293
84.4769
22.5502
10.1418
114.845
107.029
66.5091
91.1009
60.6552
81.5798
16.2087
69.5038
78.2438
49.0946
63.0936
26.3148
42.0916
65.461
-2.61415
2.79224
-13.5051
67.3828
38.6411
27.0845
23.1576
3.74918
4.30367
49.4138
-5.47605
59.3377
45.67
28.2246
-2.77639
61.3707
44.629
52.8132
-13.5212
57.626
54.8102
25.6239
41.771
16.6589
53.5468
-15.4912
-0.936708
18.2105
17.0984
-18.8656
62.2185
31.7843
-9.90912
54.99
15.2224
28.603
-10.2385
52.9198
1.1893
-9.31893
24.2098
34.4422
15.6747
36.3146
-17.6752
-21.9612
-6.95093
-9.35188
-7.84326
-15.5938
101.1
176.645
281.043
386.292
488.653
539.866
694.263
843.772
818.688
1045.01
1169.11
1233.95
1147.87
1223.56
1196.44
1280.02
1291.05
1336.85
1490.55
1506.28
1461.82
1431.67
1450.21
1439.02
1566.82
1681
1766.62
1794.35
1855.93
1751.33
1762.84
1901.68
1888.33
1847.69
1839.61
1862.06
1748.3
1900.55
2037.4
2022.64
2131.52
2097.74
2055.91
1984.83
1899.67
1773.14
1623.87
1469.6
1534.67
1456.36
1423.31
1405.3
1344.74
1249.69
1108.27
1020.56
987.548
1007.39
931.49
794.813
984.548
1126.54
1084.56
1083.48
1095.28
982.129
875.559
924.068
791.65
815.233
756.667
703.583
667.611
662.194
515.221
565.433
529.238
597.746
577.181
458.949
408.531
426.263
420.845
355.354
408.307
389.667
366.324
320.981
325.415
314.109
297.655
224.868
202.006
252.477
211.06
226.309
246.743
266.363
304.206
444.344
571.63
621.102
821.018
910.119
1233.74
1351.17
1669.72
1801.78
1895.84
2042.8
2233.64
2749.59
2852.99
3174.39
3340.6
3280.44
3303.47
3168.31
3047.38
2886.33
2973.66
2933.46
2725.53
2689.81
2489.4
2462.94
2416.67
2437.37
2384.76
2374.75
2276
2347.29
2530.98
2508.12
2592.89
2551.69
2413.57
2518.3
2396.18
2349.54
2232.24
2080.78
2011.81
1949.8
1842.38
1675.45
1631.29
1540.83
1518.42
1423.59
1157.51
1307.83
1132.38
1143
1104.13
1048.72
1015
961.4
820.391
900.529
764.297
760.361
776.462
781.378
764.479
684.099
837.459
785.894
678.625
631.208
628.716
641.04
601.918
485.686
449.084
487.149
440.916
413.758
358.748
414.812
323.506
392.274
342.856
282.402
275.874
246.976
337.78
309.882
280.057
234.121
339.148
292.99
282.758
293.156
219.664
234.025
116.385
124.079
168.069
210.244
253.938
382.003
498.141
575.872
555.936
598.926
542.397
536.646
619.229
724.109
804.395
745.682
734.153
713.328
616.133
597.827
574.891
505.436
476.094
408.158
416.852
360.694
386.498
359.748
303.33
311.061
290.756
257.338
235.032
243.763
248.457
262.15
400.251
508.797
622.194
637.333
583.879
590.462
619.822
651.33
608.876
673.829
647.115
714.143
693.837
700.531
748.224
748.992
733.427
677.046
652.11
641.915
613.832
678.748
715.849
811.098
880.125
867.078
841.439
794.91
822.715
732.817
718.77
694.056
688.935
689.333
750.878
826.979
883.377
883.109
915.95
912.94
875.004
840.883
899.281
846.345
784.335
749.029
745.316
765.121
721.037
700.619
664.757
673.229
659.367
631.431
590.496
536.116
509.624
450.614
452.604
403.631
387.066
353.13
301.749
317.259
337.101
379.313
409.488
370.886
349.802
347.68
305.559
276.105
293.54
240.493
195.298
247.362
192.278
158.861
178.517
158.656
154.98
145.896
140.738
123.431
147.014
111.226
107.698
105.243
82.2705
85.1496
83.0657
84.7598
92.713
45.2213
72.8042
81.2383
56.7472
65.1447
83.1347
58.0509
34.3003
67.994
49.4657
74.1222
88.4464
85.1025
93.5746
92.2677
85.0358
75.0629
33.7941
79.4142
65.7002
88.4314
74.4215
60.5594
55.4014
62.5026
38.6779
63.0014
61.1396
26.9445
-0.843136
0.33218
3.10009
184.757
385.636
613.478
877.69
1026.2
1140.19
1169.4
1238.46
1253.04
1229.78
1159.39
1150.57
1112.12
1057.92
963.914
905.757
861.451
775.552
716.727
622.495
562.966
536.66
499.909
440.9
404.927
381.769
365.426
302.638
290.147
266.248
259.164
223.117
210.108
182.135
170.273
161.078
134.808
126.317
103.455
115.667
84.1765
52.2406
93.4527
34.8504
33.7665
38.9048
43.1541
69.4033
87.8754
87.4945
63.3739
155.327
135.799
152.974
119.112
167.583
163.944
90.8975
66.7026
37.8034
30.0157
65.4129
116.959
120.838
136.161
144.596
152.957
91.6877
138.863
71.7419
54.6577
98.4251
41.4897
44.5539
97.3585
111.831
118.228
111.033
52.3934
24.939
32.0033
49.4749
93.0204
24.4181
15.6304
55.2132
60.1662
74.823
65.9611
21.0625
19.6822
30.8205
60.0699
23.6896
24.8279
14.2254
7.95624
29.7983
11.381
-12.703
-10.7129
-17.6117
5.90559
-31.5556
5.79815
41.4111
-8.53149
-29.5315
-31.6196
9.84786
40.6116
104.931
185.51
272.237
344.482
360.653
384.12
398.403
381.203
449.597
440.62
416.532
350.555
339.244
319.008
302.216
329.536
349.854
332.767
324.197
292.591
263.984
233.859
232.141
192.348
144.816
163.431
138.788
136.218
128.537
130.375
97.3245
100.125
59.5186
83.1345
61.1943
54.8469
64.4625
44.967
15.1381
59.9019
42.3323
35.4294
39.5264
22.5864
62.9427
35.4472
25.4331
6.86354
13.1828
-23.4608
-22.3637
18.9074
20.7684
14.3331
17.8607
31.7587
6.24931
33.74
51.9343
74.314
69.878
67.258
100.267
106.906
68.2109
57.924
68.1929
55.3868
72.3219
61.3309
-13.8451
27.127
5.58059
14.0712
21.3396
15.3487
20.8023
-30.0034
-25.4017
-4.87409
-10.5585
-2.61334
7.55403
8.53631
4.85
-14.6607
-22.8011
21.9474
-10.0078
41.4814
98.9704
15.8674
37.8751
175.327
438.113
745.528
1010.06
1199.4
1357.51
1281.71
1395.31
1350.72
1242.03
1055.4
1008.05
913.495
938.872
854.325
795.37
736.821
838.607
763.467
644.548
696.001
685.194
626.349
537.394
570.995
459.261
472.344
458.278
435.951
509.293
655.819
706.567
791.057
627.62
742.924
689.673
551.94
547.873
513.177
513.445
391.711
419.46
296.69
369.623
345.816
314.75
208.72
197.802
241.107
180.078
156.344
188.204
185.583
143.145
185.227
68.5686
125.687
114.028
136.222
57.1919
61.7922
97.6886
75.6963
70.038
65.8602
8.60872
65.5054
104.884
110.669
119.232
70.4627
9.50706
11.5889
45.7818
101.382
54.0196
64.2125
38.4054
-8.84601
-9.76423
3.91014
3.25122
12.4442
10.8648
34.079
65.4413
53.9147
19.3882
12.5653
55.6684
104.512
68.0597
54.7184
54.451
51.406
32.509
40.9084
56.0484
97.0775
103.995
147.024
133.46
79.7863
46.5557
29.844
41.7618
76.3461
51.2643
28.5896
36.6927
73.0179
27.4173
30.7796
41.5864
21.2079
52.7925
53.7103
100.481
163.435
385.13
557.678
662.596
694.773
679.061
672.016
803.156
842.445
1027.1
1201.17
1542.97
1863.67
2187.33
2585.51
2495.57
2593.23
2754.08
2645.7
2675.02
2568.12
2368.04
2232.26
2162.58
2025.5
1803.38
1652.48
1656.93
1577.54
1313.53
1358.64
1273.11
1232.59
1191.76
995.68
1018.89
932.294
896.063
816.018
749.492
799.002
699.18
721.283
723.238
810.341
776.74
725.139
680.279
679.9
683.633
560.921
537.802
559.535
534.971
495.186
460.548
476.799
466.791
474.598
361.849
354.619
450.056
375.677
426.966
371.217
453.95
401.459
388.155
245.887
265.509
240.205
207.382
197.596
293.959
230.062
219.72
152.823
289.186
290.326
276.762
268.829
252.006
241.035
217.916
218.019
160.048
173.966
119.402
179.875
176.941
205.97
222.888
242.065
232.316
239.53
214.67
183.329
173.284
332.684
594.046
648.297
697.474
765.726
854.681
762.45
750.628
789.768
728.982
705.752
650.78
621.365
488.875
507.904
481.97
546.184
733.028
823.242
894.79
853.152
785.329
975.948
983.42
996.232
825.371
779.882
681.281
725.088
706.08
562.776
634.397
556.019
594.121
569.817
486.55
490.838
411.793
468.563
338.74
321.584
373.687
375.79
340.597
344.478
285.099
225.98
156.565
186.89
179.623
108.356
179.977
166.191
207.258
144.471
106.833
192.751
216.41
215.698
222.246
211.978
165.674
123.222
66.7692
50.7611
65.8642
65.6339
30.9592
57.6179
114.203
131.75
176.15
101.623
183.911
161.829
110.636
72.1835
105.693
79.5374
94.9733
116.447
101.032
90.2462
64.4231
94.4151
76.8881
40.7323
116.206
121.198
101.708
101.404
95.9518
80.7577
34.4167
-2.59135
5.2525
1.50365
41.866
51.5617
52.1832
65.8419
98.6113
117.529
90.7802
76.4762
109.135
23.3491
93.193
98.185
117.177
121.058
133.346
98.1528
113.552
80.7287
90.7207
9.89832
70.5566
79.6225
58.1705
28.6809
4.2655
-3.44625
48.3975
39.7599
78.0852
1.52156
41.5135
-11.013
-9.61368
-22.2884
-15.2093
17.083
-8.47668
-23.74
25.404
-20.4241
31.9148
47.8462
44.148
16.0054
36.122
-9.53923
47.5404
34.7311
7.58846
16.0014
82.7471
124.161
84.3879
91.5053
127.548
134.294
52.0028
87.4159
137.421
158.501
104.21
128.809
98.4799
86.9303
81.8987
22.3117
22.0579
-8.64023
49.7356
46.3708
-0.660849
28.7891
12.8317
-3.94056
13.3242
-10.8555
-9.77588
23.8185
48.4279
0.148329
2.90587
-12.7811
61.458
27.697
47.0841
120.582
133.785
57.2456
19.7808
79.6129
48.0366
-0.724348
27.1443
91.9018
101.956
106.194
107.508
178.043
190.357
217.447
179.982
138.036
148.868
150.18
99.42
63.3995
57.8977
82.3222
52.8572
23.911
63.4093
49.9816
2.77616
75.3117
38.8467
88.6042
-3.56407
48.8601
66.988
51.6344
56.3549
25.8161
20.3514
-5.89106
28.2368
43.1054
32.863
16.2501
-12.5479
-21.1978
55.893
47.021
29.1488
100.166
54.3676
46.6807
68.5868
90.4545
26.3606
40.3774
62.8016
25.0776
97.4273
141.741
213.832
172.182
209.902
210.252
220.269
211.878
202.08
206.208
183.114
146.353
201.37
192.609
199.478
186.901
253.585
304.972
244.767
241.746
273.245
287.817
279.834
369.591
333.312
343.514
281.901
345.473
288.935
248.026
328.006
327.985
292.224
240.426
295.406
318.274
412.439
400.086
445.918
455.749
500.655
501.894
448.651
526.556
509.277
476.146
457.014
405.031
378.937
375.213
451.489
478.876
527.486
492.651
452
492.499
451.405
331.792
380.401
305.973
439.212
418.155
368.431
326.337
382.983
387.149
406.239
428.774
353.939
295.475
273.972
275.138
268.007
296.135
335.743
383.427
354.851
417.128
493.736
438.013
385.363
350.786
397.952
311.784
286.986
389.15
331.945
459.591
517.497
543.624
514.753
496.955
403.453
440.951
290.598
287.244
301.002
260.833
253.961
266.2
237.402
236.493
208.436
155.082
209.766
195.486
168.91
165.335
152.203
148.145
133.977
58.92
131.53
129.768
117.378
58.4686
82.2635
89.1322
79.186
39.0913
198.848
295.421
345.253
331.455
445.064
474.525
460.987
610.633
709.02
701.74
793.98
800.812
981.492
992.322
1054.19
1064.43
1231.12
1351.24
1283.08
1319.02
1455.07
1546.16
1498.77
1596.35
1629.7
1702.94
1749.73
1699.53
1555.58
1594.19
1684.06
1525.04
1679.06
1719.44
1528.05
1577.29
1523.09
1599.14
1691.31
1697.47
1667.52
1541.57
1602.66
1534.49
1329.81
1313.49
1270.28
1211.71
1051.35
930.375
997.983
811.149
885.129
750.22
736.422
610.068
674.048
661.731
617.119
576.505
548.3
589.65
544.779
539.35
485.367
468.31
415.216
407.232
447.434
455.859
471.246
462.929
355.983
343.037
361.349
385.144
448.939
449.4
417.676
398.767
377.414
277.505
239.595
175.982
182.295
156.387
125.403
159.234
124.103
90.7496
124.692
110.968
137.8
141.188
124.13
107.332
109.423
106.403
66.6043
15.2508
75.1198
50.4695
148.375
125.577
98.8158
123.908
113.035
56.7924
55.4389
102.418
11.6576
43.9707
83.6167
22.708
14.7618
51.4082
55.0546
22.9232
12.0882
-10.9321
-1.58203
-22.1949
-17.3611
-20.9826
54.2849
78.2556
129.487
154.643
108.206
144.252
201.741
356.083
385.461
403.913
446.403
496.412
529.494
560.91
497.362
451.741
462.415
435.868
360.58
329.81
304.337
247.308
221.686
172.769
188.851
147.526
137.831
139.913
113.513
133.855
141.307
133.167
120.953
116.591
131.304
144.571
179.32
210.957
232.299
209.011
166.796
182.545
138.331
137.08
104.532
132.541
141.661
190.595
176.158
151.944
159.211
145.923
105.746
70.8652
52.6144
67.7334
39.9641
38.0464
34.3508
61.0257
65.3668
64.116
30.7909
42.2435
8.6961
33.1857
30.1939
9.97986
9.65465
7.36654
15.0784
-1.80229
0.983604
-20.6379
-21.987
-6.18072
10.8107
8.76521
-11.2804
7.09625
10.6326
-13.5349
4.51998
-2.31408
-18.9741
-9.18518
-1.3222
-9.64442
3.40366
-11.0408
-14.9363
11.7607
-13.9867
-7.25259
-15.5722
-13.12
-4.37151
-1.25258
-4.1337
-3.05
-9.43576
25.1414
52.9039
28.9996
45.4657
29.5984
39.8054
61.4196
62.9968
35.0925
45.5956
60.8766
150.157
253.402
334.2
426.593
457.17
467.636
485.362
465.384
455.886
428.945
419.448
385.396
357.121
351.365
340.127
361.483
353.504
341.267
360.769
405.384
421.739
426.945
400.634
388.323
387.603
348.181
346.905
368.187
360.838
320.674
346.77
369.904
347.925
339.206
340.894
317.138
274.308
260.329
273.425
317.668
368.616
396.416
489.622
539.459
549.407
555.688
605.376
576.471
555.16
509.219
473.277
460.484
494.877
458.639
409.92
401.348
387.556
378.17
315.413
339.584
314.828
278.182
264.427
233.373
218.47
207.973
193.179
188.535
167.297
171.652
166.563
220.139
259.68
287.776
298.982
266.486
276.396
249.307
215.736
217.609
178.853
234.727
316.119
351.918
332.458
425.332
432.909
414.375
399.175
340.9
346.181
350.981
353.483
320.95
316.379
294.067
340.311
441.518
446.687
439.08
470.656
465.493
474.96
432.684
460.818
428.803
403.49
388.92
359.163
383.333
419.281
453.191
503.546
489.16
449.886
461.908
427.744
422.247
355.714
329.698
303.535
284.593
246.281
230.526
240.398
239.754
266.961
292.945
282.189
276.84
259.158
279.958
304.905
312.779
286.245
277.97
249.177
257.31
325.702
359.872
320.93
373.1
317.382
311.625
301.832
285.594
336.616
342.897
359.548
346.014
337.444
304.058
271.857
270.989
230.678
236.034
204.684
199.336
167.506
170.972
147.142
166.904
165.777
170.429
115.709
111.731
112.753
120.034
112.537
113.818
174.654
128.232
190.883
212.053
253.741
251.022
259.785
301.361
336.791
351.85
416.76
419.448
426.803
436.047
407.551
418.46
400.445
355.912
329.896
338.881
344.013
323.554
331.687
283.263
250.359
246.493
221.18
211.017
220.557
231.208
269.675
318.214
360.199
288.74
289.057
305.746
264.286
254.678
215.774
185.314
200.188
177.432
187.305
276.327
349.57
351.259
331.614
317.302
249.139
223.234
257.552
244.426
210.484
185.691
165.158
164.142
178.127
130.296
87.9111
116.747
91.5463
128.642
114.664
169.278
199.078
261.766
222.084
190.18
220.608
247.038
210.838
187.155
168.77
196.05
187.035
145.501
187.485
156.507
131.381
122.402
127.943
108.186
154.505
130.267
129.399
160.496
157.036
171.761
205.894
211.545
177.974
154.996
154.017
136.447
145.134
98.3421
113.475
90.1624
108.999
119.651
91.1162
104.213
76.7896
72.0335
84.1287
46.4471
59.7281
20.8609
23.1418
11.8671
20.6666
-3.34883
10.5247
2.65742
10.4569
4.36746
3.16689
52.4478
92.2474
87.6021
96.2907
49.6456
32.9635
6.24444
8.71056
92.2508
130.642
116.035
134.575
115.93
143.174
81.0475
43.069
43.1648
73.5568
98.578
92.3776
87.2513
67.7545
139.702
214.575
283.931
330.915
330.011
394.07
314.091
434.113
500.319
547.564
494.919
567.829
612.777
623.243
660.709
568.101
653.048
729.292
707.648
695.447
688.209
784.12
825.919
765.126
773.925
831.021
751.784
690.287
765.864
819.96
839.944
824.04
805.432
747.528
756.291
837.052
755.112
811.652
828.266
723.288
801.642
713.664
671.316
644.411
591.655
469.566
501.439
475.868
469.001
453.097
408.156
398.881
371.495
354.146
253.168
310.449
220.952
235.677
229.255
193.832
199.113
193.578
198.637
211.585
210.199
210.184
196.206
127.968
89.8788
59.7151
106.07
87.1657
107.002
129.654
102.75
109.475
77.6448
103.332
94.836
43.3021
3.99039
51.1232
61.6263
42.0184
38.9659
30.5061
2.45372
-4.74685
40.5341
29.0372
34.207
-8.58617
32.9541
20.4201
56.1825
43.5375
32.448
-4.45623
-11.1012
-1.52398
24.7939
-7.48064
-6.07594
-1.26367
14.8077
7.43477
-5.97521
37.0482
48.7256
143.144
160.302
250.202
242.435
238.669
186.532
157.468
190.256
143.564
166.167
135.437
166.522
97.1249
61.5436
109.961
83.7132
282.65
507.106
708.375
1034.64
1082.81
1221.15
1218.35
1317.8
1423.7
1344.64
1302.72
1320.69
1301.15
1183.34
1148.29
1032.03
984.673
814.093
747.363
696.078
718.347
654.247
650.629
574.751
494.39
452.772
468.931
529.646
523.359
617.445
530.826
572.096
492.588
509.303
435.054
381.843
466.113
358.086
399.468
352.22
353.194
372.944
390.215
454.3
385.755
362.506
359.813
348.38
381.724
544.401
557.486
477.275
409.916
455.408
406.233
398.874
307.514
343.414
295.165
300.917
254.669
292.087
313.838
287.219
285.49
330.241
344.177
287.151
276.866
276.284
317.814
244.454
221.428
265.957
190.339
235.238
129.952
179.667
140.567
156.503
169.588
159.303
100.129
92.8795
93.8903
126.605
48.4309
63.2936
40.2673
56.3151
97.2149
82.7446
48.4957
86.0622
102.517
52.9726
67.2056
79.7719
60.3383
85.5347
0.693216
27.63
20.6037
19.0589
10.7735
17.1176
75.7951
198.769
377.78
435.605
639.69
847.997
1113.71
1370.95
1536.32
1703.23
1786.72
1993.98
2214.82
2212.27
2127.35
2181.7
2446.45
2428.09
2501.47
2649.89
2658.05
2572.72
2574.73
2502.67
2409.72
2435.96
2452.52
2403.49
2469.91
2335.92
2411.49
2331.98
2408.95
2364.82
2326.87
2395.76
2442.37
2547.71
2662.43
2474.74
2455.82
2355.39
2262.29
2145.37
2000.01
1856.54
1769.7
1645.01
1555.38
1408.62
1343.85
1267.79
1153.17
1207.74
1026.64
1021.87
1032.73
955.078
883.867
744.58
753.702
737.158
703.762
670.846
556.597
559.053
538.953
476.296
445.233
430.392
439.626
401.71
391.239
334.213
277.113
250.754
333.468
321.368
232.712
188.427
262.14
254.67
257.422
216.729
222.406
208.935
153.724
167.031
243.301
294.867
288.619
267.815
243.086
281.429
288.107
273.636
288.907
259.25
205.594
200.828
182.135
233.812
214.452
176.797
153.474
181.893
88.3843
139.284
135.777
146.454
122.909
54.1423
85.2269
87.6826
85.9524
49.4819
24.6037
67.7997
44.6994
29.4139
41.1284
46.7688
32.15
-1.61692
9.20864
-9.59529
32.7118
2.35224
-6.30369
25.0405
-9.35616
-11.3453
14.9759
18.5427
6.25752
16.1947
5.4651
20.9947
28.1171
19.7949
19.8802
37.8913
-2.61606
-7.79002
9.48042
18.4916
26.725
-4.96756
5.04368
42.9437
0.954857
34.0401
48.3105
37.2847
56.7033
4.38116
10.1701
-7.78166
-7.17793
0.796215
-6.57594
-3.77185
-0.930763
-5.53408
3.08481
-6.69258
-10.2548
-7.29854
0.361451
7.87336
3.15741
1.35407
-0.67148
6.45107
-1.01887
31.6184
43.3124
24.5988
27.3297
53.0977
34.4582
45.3742
33.0311
25.836
11.0114
12.372
41.251
31.6115
18.1202
25.5548
18.0264
24.2758
12.0808
11.0339
22.9871
11.1624
17.7452
6.47609
13.0959
19.3453
6.96502
20.1033
24.2416
30.6393
12.0739
-2.26932
13.0912
2.5999
0.627113
-11.6791
0.496296
14.3303
-2.68743
-6.00149
-7.53779
14.2851
-7.71262
-1.41407
-4.96742
5.33114
7.13883
10.0326
17.5559
14.7089
21.047
47.9926
32.1362
57.2799
29.9791
34.8634
60.1923
46.4841
64.6647
52.3269
72.3965
120.429
120.313
90.5306
93.8228
57.8554
80.7393
62.8834
42.5827
8.50399
-6.38937
-12.7642
-12.2132
26.8193
58.3407
33.4347
59.7509
54.1042
53.7167
51.3293
109.682
249.702
302.611
396.446
511.503
589.005
739.876
842.859
842.286
886.343
859.585
922.605
1014.33
973.085
955.294
909.129
928.409
869.762
813.004
799.023
755.895
812.73
779.824
669.326
572.79
535.44
534.718
532.257
474.24
439.779
428.132
396.522
412.875
354.154
362.322
334.491
318.103
320.383
284.81
356.051
372.516
372.758
358.593
316.91
339.522
312.282
245.043
193.544
202.787
190.992
203.753
158.661
121.903
161.405
237.017
229.556
248.28
242.226
268.985
397.894
351.1
311.157
282.992
295.197
292.401
249.458
225.515
281.017
168.074
211.279
176.632
136.615
145.635
99.099
132.749
99.7317
119.53
201.03
166.31
157.7
218.387
297.592
247.575
221.298
189.874
257.005
223.951
233.86
205.547
192.492
118.438
144.902
104.552
123.164
135.185
133.908
128.52
101.54
126.745
131.691
98.0078
82.5086
105.973
82.7713
76.0871
69.552
55.7936
76.7027
78.5375
114.075
59.3178
104.597
123.247
76.2297
77.2866
115.047
85.4003
63.1609
95.2549
36.6452
22.5169
34.7221
27.2234
11.3915
1.00399
-14.2354
13.0438
1.65632
-0.657036
42.3852
27.7777
50.7256
47.8588
23.103
76.1255
73.1105
94.1695
83.3026
119.547
109.088
108.665
97.8727
149.635
129.435
95.0128
74.8868
23.39
34.7454
23.5822
6.78955
57.0338
56.9447
104.745
165.989
158.455
147.366
138.981
158.855
198.58
165.084
142.106
130.758
153.298
154.431
185.935
160.698
174.683
222.335
256.431
256.12
304.068
317.016
307.038
317.727
286.601
286.364
290.089
219.815
382.207
319.044
302.029
418.162
317.259
290.355
318.488
318.436
210.421
236.813
253.428
256.154
180.657
132.494
231.146
160.501
203.004
257.138
221.789
209.515
165.131
177.745
192.027
170.234
222.219
174.241
242.892
296.433
265.455
330.477
406.129
371.336
305.543
271.787
313.624
323.869
441.113
308.69
307.268
335.179
349.942
336.89
305.097
290.563
275.66
224.052
151.889
130.577
243.118
336.585
448.125
604.963
624.281
574.192
569.585
527.236
547.295
584.391
560.08
636.139
635.865
619.591
621.687
822.153
941.657
984.237
922.256
922.834
802.078
819.508
843.233
854.033
851.796
812.744
797.396
741.603
697.736
715.98
684.447
658.691
703.602
697.254
648.053
628.557
647.173
628.158
615.735
559.979
569.409
612.468
678.453
674.401
698.46
672.741
587.763
608.008
543.882
587.681
557.037
562.022
571.673
617.14
595.717
500.147
491.095
474.969
404.398
391.161
395.887
370.575
430.264
463.768
444.493
407.812
421.945
488.337
447.397
372.197
388.33
387.315
295.411
319.508
310.455
292.366
246.611
318.225
188.433
241.01
299.032
239.758
145.854
134.987
126.491
114.661
153.016
163.594
110.06
102.675
141.03
118.756
106.297
119.17
74.0814
97.1404
65.3481
90.5185
77.0955
136.748
132.992
244.829
178.444
275.466
280.266
288.695
346.865
366.776
342.872
332.302
328.842
293.124
287.664
217.02
233.153
156.064
244.901
214.219
205.945
146.893
159.1
151.9
77.9593
104.092
59.8179
36.803
67.3064
24.3285
26.5729
63.8542
95.5795
80.1206
64.9945
78.7946
57.1497
-8.49492
-1.69498
46.1418
24.1639
36.4082
-15.6068
27.4153
0.84481
-22.2443
9.81487
21.0018
17.2865
11.6824
23.6707
10.6221
32.5734
2.15437
-1.22757
8.98298
-8.76937
8.47829
14.5889
30.8893
18.4491
7.5643
14.9389
-17.8347
10.2065
-9.38192
2.37039
59.5869
62.5072
-6.42433
6.9034
61.7866
88.411
64.9235
71.2887
145.431
125.24
35.0861
54.2657
28.5193
39.0693
68.99
48.2061
45.3856
5.37996
29.1892
11.665
26.9186
15.4316
40.8703
10.5313
16.0812
22.2979
13.2922
60.0643
75.9106
51.942
-13.7303
-2.92117
54.0733
41.0306
50.136
54.9822
23.9026
65.8595
47.4098
53.5893
-2.15703
-10.8293
7.53542
-7.84065
13.9315
-7.32784
-4.59707
37.6151
68.6421
45.2617
65.955
111.797
129.935
177.296
243.582
233.609
237.895
240.108
218.431
193.347
208.633
140.253
111.132
166.862
115.704
147.176
127.832
139.415
116.257
36.7278
74.3104
68.8184
30.7718
113.65
60.085
124.815
158.176
121.203
98.7482
159.701
97.5061
93.6441
113.19
92.4391
151.281
63.5673
85.483
108.955
152.463
134.861
79.1099
127.322
142.794
171.043
155.07
70.4297
70.2717
127.558
86.1036
65.2046
84.6026
107.741
62.1005
40.0905
15.6361
24.9964
60.1345
54.606
49.3737
83.2893
197.316
290.01
257.482
283.472
243.239
228.044
183.775
292.135
318.273
299.412
228.068
174.614
256.233
168.112
184.213
168.055
133.23
167.48
152.84
123.349
106.561
112.477
50.2441
82.5676
38.7056
56.7325
65.9075
115.638
122.332
173.211
94.3864
82.0054
69.7733
53.5782
51.4201
53.0397
86.1032
9.5381
63.417
70.7771
77.2121
63.6831
5.93246
65.737
99.468
123.013
124.226
22.2897
120.132
154.751
180.223
179.916
154.314
185.489
160.516
143.543
116.978
119.005
95.9946
115.392
97.8625
86.2235
58.8059
60.5736
37.4525
53.2573
64.1364
50.8298
17.8569
28.3283
18.9849
20.7156
-5.51661
26.2512
17.7226
3.6015
14.5915
-1.93706
13.2751
44.3762
55.9217
27.319
13.9387
23.1879
30.4001
66.1308
179.677
255.852
289.175
313.461
355.377
372.108
368.987
359.755
350.226
413.438
476.279
489.825
479.889
464.805
423.054
457.637
471.627
531.283
495.866
502.745
483.216
489.503
455.752
418.779
391.547
388.907
358.86
323.665
375.136
372.2
384.45
376.477
392.504
413.16
391.891
371.511
323.093
320.12
346.333
361.026
394.09
427.451
472.441
575.875
608.938
569.373
579.326
552.13
492.528
436.703
421.36
410.683
353.525
294.922
268.283
220.754
179.115
160.919
166.095
186.677
195.63
267.768
263.684
315.156
266.96
298.802
276.903
336.079
262.735
344.022
329.308
247.113
268.066
323.648
309.379
343.147
332.211
314.497
280.969
269.736
267.837
201.641
283.002
228.177
216.019
253.268
213.369
179.1
114.053
97.6722
147.292
119.356
143.309
110.188
68.7341
51.6495
84.195
43.6295
41.1009
30.9427
52.6364
47.4412
74.1718
-2.43071
-7.95923
57.8084
13.1318
87.9367
75.8527
93.2496
98.0546
106.489
99.3305
84.7285
114.903
48.1896
2.66112
57.0585
1.38176
0.0754318
7.2136
67.0553
41.9342
61.5168
-9.01171
-19.0958
-12.7725
-20.4862
-23.613
-5.45782
28.5122
29.0378
-15.807
-16.1945
7.29329
-25.9226
32.8615
11.3122
24.8703
-11.6385
-28.703
26.603
-17.943
-2.66665
-12.5408
11.5852
-22.4
11.3556
-20.1778
5.15964
-5.09557
7.09373
