1.74074
0.518519
5.66667
18.7037
10.7037
4.18519
1.88889
6.55556
7.33333
12.037
8.18519
1.92593
11.3704
24.5556
11
33.2963
78.4444
163.963
255.037
258.37
250.333
287.148
216.407
265.889
187.556
240.074
223.481
242.333
247.037
232.407
261.963
181.481
222.481
218
266.778
301.667
352.667
345.333
380.556
333.259
321.259
295.074
327.704
402.741
401.222
415.593
410.111
412.852
357.704
354.074
399.444
452.593
541.63
517.148
502.889
482.926
484.148
453.407
460.63
425.185
402.926
345.37
359.667
366.741
377.63
385.407
411.111
396.185
372.148
353.185
357.37
350.556
274.815
282.296
274.222
263.481
244.407
227.222
213.815
220.852
225.63
195.667
202.889
189.889
192.444
210.074
228.926
191.037
176.037
165
173.074
158.667
178.148
165.556
169.296
148.111
144.704
133.556
105.481
125.815
180.741
199.37
202.481
169.704
186.037
163.333
172.296
166.296
156.852
146.074
120.148
144.63
152.185
171.259
188.741
264.185
296.111
298.815
309.259
259.593
307.296
278.333
269.259
255.333
250.111
216.741
247.778
213.556
216.407
205.519
211.185
279.148
335.296
382.296
403.185
415.926
456.963
510.815
653.333
755.037
826.63
760.037
735.111
727.407
700.593
650.593
631.037
577.185
542.667
509.519
484.444
438.185
398.704
390.074
345.704
301.074
354.926
266.593
264.667
280.741
263.037
282.667
263.111
229.852
213.296
198.444
189.185
156.074
164.519
167.111
136.778
116.296
113.704
131.148
105.519
97.7037
110.074
70.6667
81.5556
81.963
113.37
139.074
165.815
163.148
179.593
157.815
169.148
134.926
116.481
103.778
113.926
85.4074
94.963
165.667
202.926
238.481
259.741
211.074
175.148
183.037
168.519
124.185
95.2963
116.556
97.1481
79.3704
95.5185
61.6667
79.0741
64.3333
63.3333
46.037
69.1481
67.4444
33.4074
68.7407
66.963
43.2593
43.2963
27.6296
30.8889
34.5926
34.6667
43.7037
43.6667
43.037
50.2593
42.9259
28.5556
34.2963
27
33.037
10.8519
18.1481
4.66667
53.7037
26.6667
29.6667
24.1481
23.8148
11.5556
26.8148
23.0741
27.3333
19.3333
33.4074
29.4815
46.7778
55.3333
37.5185
37.7037
24.1852
37.4815
43.7778
13.1481
33.7778
51.9259
36.3704
26.1111
36.3704
46.7037
59.2963
64.4815
56.1111
80.5185
73.8519
50.8148
46.3333
54.3333
57.963
50.6296
41.037
50.4074
59.2963
41.5556
57.8148
70.5185
51.5185
46.8148
37.0741
55.5185
73.9259
47.7407
48.2593
67.7037
18.4815
17.2593
45.7037
69.5926
36.7778
24.5185
14.7778
21.2593
14.8519
17.4815
28.6296
33.4074
35.4074
31.3704
28.7778
40.8519
23.1481
39
45.2963
25.3333
27.7037
19.963
19.1481
14
4.92593
23.7778
25.4815
13.3704
17.4074
13.9259
28.8519
17.8148
35.7778
19.1481
16.963
8.2963
17.6667
35.4815
14.3333
16.3704
16.7778
14.8889
33.7407
13.2963
23.6667
8.14815
23.037
18.7037
12.7778
30.5926
25.9259
31.8889
30.4074
30.3704
23.6296
29.1481
42.1111
29.963
19.2222
33.1481
34.3704
39.4815
29
36.037
25.2593
30.4815
16.4444
30.5556
31.1481
13.037
18.7037
25.9259
39.8519
16.5185
26.7407
23.8519
54.3333
156.037
320.148
442.815
454.741
545.185
612.481
700.556
780.407
791.148
823.259
857.333
868.963
834.407
792.407
760.148
746.111
770.667
719.704
732.185
727.333
695.444
698.296
697.519
719.037
630.185
638.037
645.963
581.037
567.111
580.259
564.815
553.889
535.333
474.074
390.111
411.778
362.037
372.815
354.519
332.148
358.074
366.148
217.741
297.296
227
177.63
205.778
160.296
206.519
163.667
85.2963
104.815
116.259
118.37
176.519
136.111
134.704
157.963
165.815
124.407
192.37
206.481
127.407
249.889
257.222
160.111
165.037
215.148
137.889
136.778
143.481
110.926
170.852
138.556
129.481
135.481
201.667
348.444
452.333
618.556
877.741
1212.59
1568.11
1795.48
1960.48
2075.56
2435.33
2605.7
2835.78
2969.37
3024.89
3063.56
3164.63
3300.81
3790.78
3746.26
3829.44
3957.96
3953.04
3859.11
4119.93
4171.37
4186.11
4334.96
4272.67
4473.81
4540.81
4568.63
4582.44
4711.7
4751.33
4757.67
4623.96
4686.67
4564.44
4326.63
4240.48
3865.74
3682.44
3395.44
3202.44
3045.81
2866.78
2650.15
2497.07
2395.04
2219.63
1969.3
1934.96
1799.7
1702.11
1556.26
1537.59
1384.78
1355.48
1243.74
1177.96
1109.22
1018.78
1043.44
982.074
935.481
789.074
874.556
841.074
795.963
764
716.111
700.444
624.963
628.519
607.37
513.259
485.296
460.963
435.259
315.074
400.111
285.852
348.407
313.148
248.111
177.185
241.444
220.667
162.37
167.259
145.815
117.593
56.7037
48.2963
27.5926
23.2593
50.1852
38.1111
77.1852
74.4815
25.3333
33
20.4444
23.9259
44.6296
35.8519
14.0741
5.2963
34.5556
15.963
39.0741
40.8889
30.1852
36.4444
27
17.3704
36.6296
2.07407
11.3333
1.25926
8.51852
55.5185
54.7037
228.741
346.63
452.593
506.889
611.111
800
859.852
827.667
862.259
1062.22
1135.19
1200.44
1342.22
1382.96
1423.44
1475.07
1436.93
1631.78
1613.59
1668.19
1705.19
1873.33
1901
1857.04
1958.52
2022.85
1982.41
1904.37
1868.7
1858.11
1887.11
1815.67
1871.41
1891.63
1755.48
1864.56
1756.78
1683.48
1464.96
1475.44
1261.33
1292.33
1143.44
1102.81
958.593
1027.3
955.222
885.111
816.259
766.963
656.852
592.037
548.778
477.667
449.37
524.333
371.37
350.815
404.667
385.37
291.222
269.889
312.296
276.296
272.074
239.407
262.148
179.593
175.926
206.259
207.481
64.6296
163.296
128.889
157.481
96.8519
53.4074
45.8519
71.6667
80.9259
83.9259
93.7407
32.4074
24.8889
50.4815
6.81481
7.55556
42.3704
22.1111
1.55556
23.3704
31.0741
26
38.6667
35.6667
27.2593
32
4.07407
5.62963
9.59259
27.5556
28.2963
22.9259
22.8889
14.7778
18.6296
6.11111
8.62963
21.1852
22.3333
2.40741
4.81481
22.7778
11.4074
10.8148
32.5926
32.5556
39.5185
29.1852
45.4815
74.5926
121.407
75.2963
144.37
218.704
206.704
303.519
323.519
283.407
203.074
201.963
175.481
185.556
216.259
198.148
283.111
317.519
312
327.148
480.852
668.37
849.259
795.778
781.111
855.407
1005.3
1038.04
1072.22
954.148
999.111
964.074
1165.33
1269.37
1245.81
1325.85
1244.07
1058.48
1088.11
1056.85
843.296
906.074
840.481
760.148
671.111
593.704
646.037
695.444
717.815
683.667
569.815
501.815
496.074
479.963
377
389.185
405.593
296.259
277.148
337.519
325.407
280.074
275.333
275.704
232.556
251.481
216.63
147.778
194.889
168.185
200.111
154.63
112.37
153.519
120.037
118.444
118.704
45.1852
100.407
115.222
14.2222
97.1852
98.0741
50.4074
22.7037
56.9259
83.8519
75.037
86.8148
68.2222
61.8889
55.0741
77.0741
41.1852
47.2222
54.2593
11.4074
15.8148
57.6296
49.7778
50.7407
47.6667
8.55556
25.8519
39.2593
9
43.963
46.4074
20.4815
42.1852
24.1852
12.3333
54.7407
76.1852
71
51.3333
75.2593
24.8148
65.4074
83.7407
164.333
264.852
475.704
580.481
635.111
685.037
766.889
800.296
851.37
880.333
892.148
889.37
1038.59
1002.96
1076.11
1174.74
1244.89
1206.37
1167.52
1226.26
1275.33
1199.33
1193.44
1198.56
1234.78
1184.41
1095.93
1107.78
1081.7
1003.96
1045.19
971.778
1003.48
1094.81
1079.26
1170.67
1070.26
958.481
897.741
834.963
835.556
784.778
746.111
684.148
549.111
571.741
572.259
535.667
431.741
440.519
374.185
391.889
361.37
307.037
327.222
209.037
257.444
270.296
249.63
155.519
179.778
201.519
132.074
220.481
192.778
160.556
54
105.111
43.1111
156
87.5556
85.7037
128.593
68.1111
114.222
110.481
43.1111
81.3333
62.037
20.4074
66.2593
77.5556
86.1852
112.741
73.5926
40.8889
69.037
83.0741
28.3704
15.8889
28.2963
10.7407
28.4444
23
13.1111
55.8148
42.8148
63.8148
9
15.963
12.4074
27.7778
64.4074
38.3333
63
281.704
454.37
457.185
552.556
483.741
504.778
489.148
424.296
415.185
394.148
359.481
250.407
238.704
274.926
270.926
259.333
224.852
125.37
166.185
157.481
155.259
127.444
130.519
124.593
103.926
103.407
65.7407
32.2222
126.037
82.5926
64
100.815
78.2222
82
85.1481
49.7407
9
60.3704
66.1111
59.5926
17.5556
21.8148
17.9259
16.7037
10.963
15.5556
47.3333
50.1852
50.7407
55.8519
12.5185
47.9259
53.4444
28.2222
28
31.8889
62.8889
22.7037
1.59259
19.8148
57.3704
38.2222
9.48148
6.59259
46.7407
46.5556
62.1481
9.11111
17.7037
10.3704
49.4074
11.7778
9
38
67.6667
39.6667
13.6667
63.5185
51.0741
78.4815
75.8519
70.1111
18.4074
36.8519
50.2222
48.037
54.037
90.4444
20.8889
72.8519
47.4444
32.5556
9.07407
25.3333
33.8889
23.7407
77.4444
80.0741
103.074
81.3704
75.1111
86.1481
30.0741
59.7778
14.8889
68.4815
66.2593
88.6667
78.8519
66.963
6.92593
68.8889
63.4815
59.5926
64.4074
62.6296
94.8148
100.37
95.4815
62.9259
82.3704
49.4815
108.037
54.1852
65.8148
101.481
98.037
78
35.963
109.259
79.8148
97.037
95.7407
110
176.519
247.185
265.63
406.519
458
510.926
599.778
560.185
584.259
572
652.037
661.667
650.074
680.148
735.037
809.556
875
788.667
902.556
894.259
983.593
1018.41
1051.56
1062.44
1095.96
1174.26
1081.07
1158.3
1152.3
1149.56
1223.74
1173.81
1216.04
1244.3
1326.26
1284.56
1352.48
1284.7
1191.37
1112.19
1078.3
964.185
905.185
909.556
827.593
695.889
737.593
709.852
606.222
496.667
534.111
463.037
465.63
352.111
401.037
306.741
357.667
308.148
245.556
272.963
254.778
149.222
188.852
154.926
225.148
161.815
111.704
109.407
67.3704
142.556
116.741
151.704
177.704
109.222
142.556
139.519
107.852
74.8148
44.4074
115.407
95.2963
99.8148
109.889
84.7778
27.1481
87.2222
32.5926
72.3333
45.037
75.963
21.4444
38.4074
100.593
17.7037
47.6667
65.4074
16.3333
28.1852
50.8889
11
22.3704
76.5185
67.2593
60.5185
25.6667
50.5926
61.7778
70.7778
72.4444
61.3704
49.3333
14.7407
47.5926
7.7037
44.037
14.8889
47.3333
60.4074
15.8889
22.7778
23.7407
22.6296
63.1481
33.8519
5.62963
37.4074
54.5185
25
65.7407
78
25.9259
9.77778
34.963
85.5185
65.1111
5.66667
32.1852
30.5185
17.6296
51.7778
53.2963
34
68.4815
52.2593
62.0741
39.2593
26.1111
34.6296
60.6296
71.7407
60.2222
58.7037
42.7407
88.3704
64.2963
87.1852
80.8519
22.4074
63.3704
73.5926
62.8519
34.2963
93.7778
33.3704
80.037
25.037
81.1852
17.4444
15.5926
71.1852
44.8519
68.1111
20.4815
61.8519
31.8889
69.1852
42.5185
44.1111
20.8889
67.8519
70.1111
10.8889
44.2222
13.963
58.4815
12.6296
66.2222
10.4074
28.1111
18.5926
20.4444
57.7407
49.5556
60
63.6667
68.037
13.9259
42.4074
34.4815
8.18519
7.11111
66.1481
45.963
49.7778
66.1481
54.0741
28.2963
1.74074
3.18519
19.6667
28.1481
50.6296
13.9259
20.963
8.11111
77
50.6296
37.1852
43.4815
17.4444
63.0741
53.1852
73.5185
50.7407
65.8889
55.4444
36
60
76.3704
22.963
41.4074
17.5926
61.7037
19.7037
16.5926
39.7407
62.5185
25.4815
39.8148
175.185
291.778
282.148
342.852
393.148
522.815
570.815
606.556
651.778
780.593
930.963
856.593
920.889
943.037
916.148
988.852
1042.56
1060.74
1041.41
1003.52
976.778
938.593
915.296
921
894.556
831.556
821.519
849.259
774.074
788.333
753.63
738.852
751.444
775.963
705.741
702.037
677.889
760.556
781.556
732.593
595.481
593.667
599.259
570.148
528.593
467.222
466.741
432.815
417.37
314.185
384.889
368.37
309.926
262.63
274.185
262.963
206.222
191.259
271.593
213.741
193.037
217.741
167.222
123.63
179.963
115.667
138.519
89.3704
121.074
96.1481
51.4444
111.593
80.2593
115.296
112.481
94.4074
109.37
104.481
25.2963
78
92.1481
19.6296
81.3333
59.0741
76.6296
43.1852
31.2593
72.3333
39.9259
9.48148
67.037
9.18519
10.963
53.5185
30.0741
38.6667
64.0741
63.7037
49.8519
16.3704
51.1481
30.5556
13.7407
78.0741
69.7407
45.037
57.4074
79.6296
58.2963
12.1852
13.6667
7.03704
58.037
38.0741
41.7037
51.8889
5.37037
57.5926
26.1111
59.7778
50.4444
58.037
25.4815
62.1111
6
66
79.1852
163.926
260.185
417.074
407.815
435.074
414.704
485
387.963
313.37
378.148
240.259
309.963
284.37
223.37
190.407
208.185
221.074
145.556
139.074
128.963
108.259
138
115.185
53.2593
40.8519
145.556
137.741
97.2222
121.815
91.3704
112.296
46.9259
100.222
108.963
79.8148
93.8148
57.037
72.8148
96.1852
28.1111
33.5185
17.2222
98.1111
69.3704
57.8148
53.8889
34.4815
35.037
80.1481
25.2593
90.0741
76.4074
58.963
27.963
92.1111
75.3704
83.5556
17.2222
88.3704
85.5556
56.3704
72.5185
47.4074
84.2963
15.2593
29.8148
48.963
47.8519
11.8889
93.2593
63.1852
21.8519
87.1111
47.7037
61.4444
22.963
86.4815
35.1111
24.963
58.8519
69.4444
51.037
72.037
18.4074
14.4815
29.8519
21.4074
22.9259
15.1852
131.889
207.444
311.852
417.111
519.481
570.704
725.111
874.63
849.556
1075.89
1200
1264.85
1178.78
1254.48
1227.37
1310.96
1322
1367.81
1521.52
1537.26
1492.81
1462.67
1481.22
1470.04
1597.85
1712.04
1797.67
1825.41
1887
1782.41
1793.93
1932.78
1919.44
1878.81
1870.74
1893.19
1779.44
1931.7
2068.56
2053.81
2162.7
2128.93
2087.11
2016.04
1930.89
1804.37
1655.11
1500.85
1565.93
1487.63
1454.59
1436.59
1376.04
1281
1139.59
1051.89
1018.89
1038.74
962.852
826.185
1015.93
1157.93
1115.96
1114.89
1126.7
1013.56
907
955.519
823.111
846.704
788.148
735.074
699.111
693.704
546.741
596.963
560.778
629.296
608.741
490.519
440.111
457.852
452.444
386.963
439.926
421.296
397.963
352.63
357.074
345.778
329.333
256.556
233.704
284.185
242.778
258.037
278.481
298.111
335.963
476.111
603.407
652.889
852.815
941.926
1265.56
1383
1701.56
1833.63
1927.7
2074.67
2265.52
2781.48
2884.89
3206.3
3372.52
3312.37
3335.41
3200.26
3079.33
2918.3
3005.63
2965.44
2757.52
2721.81
2521.41
2494.96
2448.7
2469.41
2416.81
2406.81
2308.07
2379.37
2563.07
2540.22
2625
2583.81
2445.7
2550.44
2428.33
2381.7
2264.41
2112.96
2044
1982
1874.59
1707.67
1663.52
1573.07
1550.67
1455.85
1189.78
1340.11
1164.67
1175.3
1136.44
1081.04
1047.33
993.741
852.741
932.889
796.667
792.741
808.852
813.778
796.889
716.519
869.889
818.333
711.074
663.667
661.185
673.519
634.407
518.185
481.593
519.667
473.444
446.296
391.296
447.37
356.074
424.852
375.444
315
308.481
279.593
370.407
342.519
312.704
266.778
371.815
325.667
315.444
325.852
252.37
266.741
149.111
156.815
200.815
243
286.704
414.778
530.926
608.667
588.741
631.741
575.222
569.481
652.074
756.963
837.259
778.556
767.037
746.222
649.037
630.741
607.815
538.37
509.037
441.111
449.815
393.667
419.481
392.741
336.333
344.074
323.778
290.37
268.074
276.815
281.519
295.222
433.333
541.889
655.296
670.444
617
623.593
652.963
684.481
642.037
707
680.296
747.333
727.037
733.741
781.444
782.222
766.667
710.296
685.37
675.185
647.111
712.037
749.148
844.407
913.444
900.407
874.778
828.259
856.074
766.185
752.148
727.444
722.333
722.741
784.296
860.407
916.815
916.556
949.407
946.407
908.481
874.37
932.778
879.852
817.852
782.556
778.852
798.667
754.593
734.185
698.333
706.815
692.963
665.037
624.111
569.741
543.259
484.259
486.259
437.296
420.741
386.815
335.444
350.963
370.815
413.037
443.222
404.63
383.556
381.444
339.333
309.889
327.333
274.296
229.111
281.185
226.111
192.704
212.37
192.519
188.852
179.778
174.63
157.333
180.926
145.148
141.63
139.185
116.222
119.111
117.037
118.741
126.704
79.2222
106.815
115.259
90.7778
99.1852
117.185
92.1111
68.3704
102.074
83.5556
108.222
122.556
119.222
127.704
126.407
119.185
109.222
67.963
113.593
99.8889
122.63
108.63
94.7778
89.6296
96.7407
72.9259
97.2593
95.4074
61.2222
33.4444
34.6296
37.4074
219.074
419.963
647.815
912.037
1060.56
1174.56
1203.78
1272.85
1287.44
1264.19
1193.81
1185
1146.56
1092.37
998.37
940.222
895.926
810.037
751.222
657
597.481
571.185
534.444
475.444
439.481
416.333
400
337.222
324.741
300.852
293.778
257.741
244.741
216.778
204.926
195.741
169.481
161
138.148
150.37
118.889
86.963
128.185
69.5926
68.5185
73.6667
77.9259
104.185
122.667
122.296
98.1852
190.148
170.63
187.815
153.963
202.444
198.815
125.778
101.593
72.7037
64.9259
100.333
151.889
155.778
171.111
179.556
187.926
126.667
173.852
106.741
89.6667
133.444
76.5185
79.5926
132.407
146.889
153.296
146.111
87.4815
60.037
67.1111
84.5926
128.148
59.5556
50.7778
90.3704
95.3333
110
101.148
56.2593
54.8889
66.037
95.2963
58.9259
60.0741
49.4815
43.2222
65.0741
46.6667
22.5926
24.5926
17.7037
38.8519
2.25926
40.4815
76.963
27.8889
4.92593
2.81481
44.2593
75
139.296
219.852
306.556
378.778
394.926
418.37
432.63
415.407
483.778
474.778
450.667
384.667
373.333
353.074
336.259
363.556
383.852
366.741
358.148
326.519
297.889
267.741
266
226.185
178.63
197.222
172.556
169.963
162.259
164.074
131
133.778
93.1481
116.741
94.7778
88.4074
98
78.4815
48.6296
93.3704
75.7778
68.8519
72.9259
55.963
96.2963
68.7778
58.7407
40.1481
46.4444
9.77778
10.8519
52.1852
54.1852
47.8889
51.5556
65.5926
40.2222
67.8519
86.1852
108.704
104.407
101.926
135.074
141.852
103.296
93.1481
103.556
90.8889
107.963
97.1111
22.0741
63.1852
41.7778
50.4074
57.8148
51.963
57.5556
6.88889
11.6296
27.7037
21.8889
29.7037
39.7407
40.5926
37.8889
17
7.48148
50.8519
17.5185
70.7407
128.296
45.2593
67.3333
204.852
467.704
775.185
1039.78
1229.19
1387.37
1311.63
1425.3
1380.78
1272.15
1085.59
1038.3
943.815
969.259
884.778
825.889
767.407
869.259
794.185
675.333
726.852
716.111
657.333
568.444
602.111
490.444
503.593
489.593
467.333
540.741
687.333
738.148
822.704
659.333
774.704
721.519
583.852
579.852
545.222
545.556
423.889
451.704
329
402
378.259
347.259
241.296
230.444
273.815
212.852
189.185
221.111
218.556
176.185
218.333
101.741
158.926
147.333
169.593
90.6296
95.2963
131.259
109.333
103.741
99.6296
42.4444
99.4074
138.852
144.704
153.333
104.63
43.7407
45.8889
80.1481
135.815
88.5185
98.7778
73.037
25.8519
25
38.7407
38.1481
47.4074
40.6296
63.8519
95.2222
83.7037
49.1852
42.3704
85.4815
134.333
97.8889
84.5556
84.2963
81.2593
62.3704
70.7778
85.9259
126.963
133.889
176.926
163.37
109.704
76.4815
59.7778
71.7037
106.296
81.2222
58.5556
66.6667
103
57.4074
60.7778
71.5926
51.2222
82.8148
83.7407
130.519
193.481
415.185
587.741
692.667
724.852
709.148
702.111
833.259
872.556
1057.22
1231.3
1573.11
1893.81
2217.48
2615.67
2525.74
2623.41
2784.26
2675.89
2705.22
2598.33
2398.26
2262.48
2192.81
2055.74
1833.63
1682.74
1687.19
1607.81
1343.81
1388.93
1303.41
1262.89
1222.07
1026
1049.22
962.63
926.407
846.37
779.852
829.37
729.556
751.667
753.63
840.741
807.148
755.556
710.704
710.333
714.074
591.37
568.259
590
565.444
525.667
491.037
507.296
497.296
505.111
392.37
385.148
480.593
406.222
457.519
401.778
484.519
432.037
418.741
276.481
296.111
270.815
238
228.222
324.593
260.704
250.37
183.481
319.852
321
307.444
299.519
282.704
271.741
248.63
248.741
190.778
204.704
150.148
210.63
207.704
236.741
253.667
272.852
263.111
270.333
245.481
214.148
204.111
363.519
624.889
679.148
728.333
796.593
885.556
793.333
781.519
820.667
759.889
736.667
681.704
652.296
519.815
538.852
512.926
577.148
764
854.222
925.778
884.148
816.333
1006.96
1014.44
1027.26
856.407
810.926
712.333
756.148
737.148
593.852
665.481
587.111
625.222
600.926
517.667
521.963
442.926
499.704
369.889
352.741
404.852
406.963
371.778
375.667
316.296
257.185
187.778
218.111
210.852
139.593
211.222
197.444
238.519
175.741
138.111
224.037
247.704
247
253.556
243.296
197
154.556
98.1111
82.1111
97.2222
97
62.3333
89
145.593
163.148
207.556
133.037
215.333
193.259
142.074
103.63
137.148
111
126.444
147.926
132.519
121.741
95.9259
125.926
108.407
72.2593
147.741
152.741
133.259
132.963
127.519
112.333
66
29
36.8519
33.1111
73.4815
83.1852
83.8148
97.4815
130.259
149.185
122.444
108.148
140.815
55.037
124.889
129.889
148.889
152.778
165.074
129.889
145.296
112.481
122.481
41.6667
102.333
111.407
89.963
60.4815
36.0741
28.3704
80.2222
71.5926
109.926
33.3704
73.3704
20.8519
22.2593
9.59259
14.7407
46.7037
20.8148
5.22222
54.037
8.11111
60.5556
76.5926
73
44.963
65.1852
19.6296
76.8148
64.1111
37.0741
45.5926
112.444
153.963
114.296
121.519
157.667
164.519
82.3333
117.852
167.963
189.148
134.963
159.667
129.444
118
113.074
53.5926
53.4444
22.8519
81.3333
78.0741
31.1481
60.7037
44.8519
28.1852
45.5556
21.4815
22.6667
54.5556
79.1852
30.9259
33.7037
18.037
92.2963
58.5556
77.963
151.481
164.704
88.1852
50.7407
110.593
79.037
30.2963
58.1852
122.963
133.037
137.296
138.63
209.185
221.519
248.63
211.185
169.259
180.111
181.444
130.704
94.7037
89.2222
113.667
84.2222
55.2963
94.8148
81.4074
34.2222
106.778
70.3333
120.111
27.963
80.4074
98.5556
83.2222
87.963
57.4444
52
25.7778
59.9259
74.8148
64.5926
48
19.2222
10.5926
87.7037
78.8519
61
132.037
86.2593
78.5926
100.519
122.407
58.3333
72.3704
94.8148
57.1111
129.481
173.815
245.926
204.296
242.037
242.407
252.444
244.074
234.296
238.444
215.37
178.63
233.667
224.926
231.815
219.259
285.963
337.37
277.185
274.185
305.704
320.296
312.333
402.111
365.852
376.074
314.481
378.074
321.556
280.667
360.667
360.667
324.926
273.148
328.148
351.037
445.222
432.889
478.741
488.593
533.519
534.778
481.556
559.481
542.222
509.111
490
438.037
411.963
408.259
484.556
511.963
560.593
525.778
485.148
525.667
484.593
365
413.63
339.222
472.481
451.444
401.741
359.667
416.333
420.519
439.63
462.185
387.37
328.926
307.444
308.63
301.519
329.667
369.296
417
388.444
450.741
527.37
471.667
419.037
384.481
431.667
345.519
320.741
422.926
365.741
493.407
551.333
577.481
548.63
530.852
437.37
474.889
324.556
321.222
335
294.852
288
300.259
271.481
270.593
242.556
189.222
243.926
229.667
203.111
199.556
186.444
182.407
168.259
93.2222
165.852
164.111
151.741
92.8519
116.667
123.556
113.63
73.5556
233.333
329.926
379.778
366
479.63
509.111
495.593
645.259
743.667
736.407
828.667
835.519
1016.22
1027.07
1088.96
1099.22
1265.93
1386.07
1317.93
1353.89
1489.96
1581.07
1533.7
1631.3
1664.67
1737.93
1784.74
1734.56
1590.63
1629.26
1719.15
1560.15
1714.19
1754.59
1563.22
1612.48
1558.3
1634.37
1726.56
1732.74
1702.81
1576.89
1638
1569.85
1365.19
1348.89
1305.7
1247.15
1086.81
965.852
1033.48
846.667
920.667
785.778
772
645.667
709.667
697.37
652.778
612.185
584
625.37
580.519
575.111
521.148
504.111
451.037
443.074
483.296
491.741
507.148
498.852
391.926
379
397.333
421.148
484.963
485.444
453.741
434.852
413.519
313.63
275.741
212.148
218.481
192.593
161.63
195.481
160.37
127.037
161
147.296
174.148
177.556
160.519
143.741
145.852
142.852
103.074
51.7407
111.63
87
184.926
162.148
135.407
160.519
149.667
93.4444
92.1111
139.111
48.3704
80.7037
120.37
59.4815
51.5556
88.2222
91.8889
59.7778
48.963
25.963
35.3333
14.7407
13.4815
9.92593
85.2593
109.296
160.593
185.815
139.444
175.556
233.111
387.519
416.963
435.481
478.037
528.111
561.259
592.741
529.259
483.704
494.444
467.963
392.741
362.037
336.63
279.667
254.111
205.259
221.407
180.148
170.519
172.667
146.333
166.741
174.259
166.185
154.037
149.741
164.519
177.852
212.667
244.37
265.778
242.556
200.407
216.222
172.074
170.889
138.407
166.481
175.667
224.667
210.296
186.148
193.481
180.259
140.148
105.333
87.1481
102.333
74.6296
72.7778
69.1481
95.8889
100.296
99.1111
65.8519
77.3704
43.8889
68.4444
65.5185
45.3704
45.1111
42.8889
50.6667
33.8519
36.7037
15.1481
10.7778
25.2593
40.9259
37.5556
16.1852
37.8148
41.7778
18.037
36.5185
30.1111
11.0741
18.4815
23.963
13.2593
23.9259
15.1481
8.88889
33.2222
5.11111
9.48148
6.85185
6.74074
12.9259
13.4815
8.03704
13.8889
7.51852
42.1111
69.8889
46
62.4815
46.6296
56.8519
78.4815
80.0741
52.1852
62.7037
78
167.296
270.556
351.37
443.778
474.37
484.852
502.593
482.63
473.148
446.222
436.741
402.704
374.444
368.704
357.481
378.852
370.889
358.667
378.185
422.815
439.185
444.407
418.111
405.815
405.111
365.704
364.444
385.741
378.407
338.259
364.37
387.519
365.556
356.852
358.556
334.815
292
278.037
291.148
335.407
386.37
414.185
507.407
557.259
567.222
573.519
623.222
594.333
573.037
527.111
491.185
478.407
512.815
476.593
427.889
419.333
405.556
396.185
333.444
357.63
332.889
296.259
282.519
251.481
236.593
226.111
211.333
206.704
185.481
189.852
184.778
238.37
277.926
306.037
317.259
284.778
294.704
267.63
234.074
235.963
197.222
253.111
334.519
370.333
350.889
443.778
451.37
432.852
417.667
359.407
364.704
369.519
372.037
339.519
334.963
312.667
358.926
460.148
465.333
457.741
489.333
484.185
493.667
451.407
479.556
447.556
422.259
407.704
377.963
402.148
438.111
472.037
522.407
508.037
468.778
480.815
446.667
441.185
374.667
348.667
322.519
303.593
265.296
249.556
259.444
258.815
286.037
312.037
301.296
295.963
278.296
299.111
324.074
331.963
305.444
297.185
268.407
276.556
344.963
379.148
340.222
392.407
336.704
330.963
321.185
304.963
356
362.296
378.963
365.444
356.889
323.519
291.333
290.481
250.185
255.556
224.222
218.889
187.074
190.556
166.741
186.519
185.407
190.074
135.37
131.407
132.444
139.741
132.259
133.556
194.407
148
210.667
231.852
273.556
270.852
279.63
321.222
356.667
371.741
436.667
439.37
446.741
456
427.519
438.444
420.444
375.926
349.926
358.926
364.074
343.63
351.778
303.37
270.481
266.63
241.333
231.185
240.741
251.407
289.889
338.444
380.444
309
309.333
326.037
284.593
275
236.111
205.667
220.556
197.815
207.704
296.741
370
371.704
352.074
337.778
269.63
243.741
278.074
264.963
231.037
206.259
185.741
184.741
198.741
150.926
108.556
137.407
112.222
149.333
135.37
190
219.815
282.519
242.852
210.963
241.407
267.852
231.667
208
189.63
216.926
207.926
166.407
208.407
177.444
152.333
143.37
148.926
129.185
175.519
151.296
150.444
181.556
178.111
192.852
227
232.667
199.111
176.148
175.185
157.63
166.333
119.556
134.704
111.407
130.259
140.926
112.407
125.519
98.1111
93.3704
105.481
67.8148
81.1111
42.2593
44.5556
33.2963
42.1111
18.1111
32
24.1481
31.963
25.8889
24.7037
74
113.815
109.185
117.889
71.2593
54.5926
27.8889
30.3704
113.926
152.333
137.741
156.296
137.667
164.926
102.815
64.8519
64.963
95.3704
120.407
114.222
109.111
89.6296
161.593
236.481
305.852
352.852
351.963
416.037
336.074
456.111
522.333
569.593
516.963
589.889
634.852
645.333
682.815
590.222
675.185
751.444
729.815
717.63
710.407
806.333
848.148
787.37
796.185
853.296
774.074
712.593
788.185
842.296
862.296
846.407
827.815
769.926
778.704
859.481
777.556
834.111
850.741
745.778
824.148
736.185
693.852
666.963
614.222
492.148
524.037
498.481
491.63
475.741
430.815
421.556
394.185
376.852
275.889
333.185
243.704
258.444
252.037
216.63
221.926
216.407
221.481
234.444
233.074
233.074
219.111
150.889
112.815
82.6667
129.037
110.148
130
152.667
125.778
132.519
100.704
126.407
117.926
66.4074
27.1111
74.2593
84.7778
65.1852
62.1481
53.7037
25.6667
18.4815
63.7778
52.2963
57.4815
14.7037
56.2593
43.7407
79.5185
66.8889
55.8148
18.9259
12.2963
21.8889
48.2222
15.963
9.85185
15.2593
31.9259
25.1481
12.3333
52.963
64.6667
159.111
176.296
266.222
258.481
254.741
202.63
173.593
206.407
159.741
182.37
151.667
182.778
113.407
77.8519
126.296
100.074
299.037
523.519
724.815
1051.11
1099.3
1237.67
1234.89
1334.37
1440.3
1361.26
1319.37
1337.37
1317.85
1200.07
1165.04
1048.81
1001.48
830.926
764.222
712.963
735.259
671.185
667.593
591.741
511.407
469.815
486
546.741
540.481
634.593
548
589.296
509.815
526.556
452.333
399.148
483.444
375.444
416.852
369.63
370.63
390.407
407.704
471.815
403.296
380.074
377.407
366
399.37
562.074
575.185
495
427.667
473.185
424.037
416.704
325.37
361.296
313.074
318.852
272.63
310.074
331.852
305.259
303.556
348.333
362.296
305.296
295.037
294.481
336.037
262.704
239.704
284.259
208.667
253.593
148.333
198.074
159
174.963
188.074
177.815
118.667
111.444
112.481
145.222
67.0741
81.963
58.963
75.037
115.963
101.519
67.2963
104.889
121.37
71.8519
86.1111
98.7037
79.2963
104.519
19.7037
46.6667
39.6667
38.1481
29.8889
36.2593
94.963
217.963
397
454.852
658.963
867.296
1133.04
1390.3
1555.7
1722.63
1806.15
2013.44
2234.3
2231.78
2146.89
2201.26
2466.04
2447.7
2521.11
2669.56
2677.74
2592.44
2594.48
2522.44
2429.52
2455.78
2472.37
2423.37
2489.81
2355.85
2431.44
2351.96
2428.96
2384.85
2346.93
2415.85
2462.48
2567.85
2682.59
2494.93
2476.04
2375.63
2282.56
2165.67
2020.33
1876.89
1790.07
1665.41
1575.81
1429.07
1364.33
1288.3
1173.7
1228.3
1047.22
1042.48
1053.37
975.741
904.556
765.296
774.444
757.926
724.556
691.667
577.444
579.926
559.852
497.222
466.185
451.37
460.63
422.741
412.296
355.296
298.222
271.889
354.63
342.556
253.926
209.667
283.407
275.963
278.741
238.074
243.778
230.333
175.148
188.481
264.778
316.37
310.148
289.37
264.667
303.037
309.741
295.296
310.593
280.963
227.333
222.593
203.926
255.63
236.296
198.667
175.37
203.815
110.333
161.259
157.778
168.481
144.963
76.2222
107.333
109.815
108.111
71.6667
46.8148
90.037
66.963
51.7037
63.4444
69.1111
54.5185
20.7778
31.6296
12.8519
55.1852
24.8519
16.2222
47.5926
13.2222
11.2593
33.3704
36.963
24.7037
34.6667
23.963
39.5185
46.6667
38.3704
38.4815
56.5185
16.037
10.8889
28.1852
37.2222
45.4815
13.8148
23.8519
61.7778
19.8148
52.9259
67.2222
56.2222
75.6667
23.3704
29.1852
11.2593
11.8889
19.8889
13.5926
15.4815
17.4074
11.8889
19.5926
11.963
7.33333
9.22222
15.8148
22.2593
19.6667
18.4815
17.0741
24.8148
17.963
47.4444
59.2963
40.7407
43.6296
69.5556
51.0741
62.1481
49.963
42.9259
28.2593
29.7778
58.8148
49.3333
36
43.5926
36.2222
42.6296
30.5926
29.7037
41.8148
30.1481
36.8889
25.7778
32.5556
38.963
26.7407
40.037
44.3333
50.8889
32.4815
18.2963
33.8148
23.4815
21.6667
9.51852
17.3704
31.1111
14
10.5926
8.96296
31.4444
9.81481
16.4815
13.2963
23.963
25.3333
32.9259
45.1481
47
58.037
71.7778
56.1852
81.5926
54.5556
59.7037
85.2963
71.8519
90.2963
78.2222
98.5556
146.852
147
117.481
121.037
85.3333
108.481
90.8889
70.8519
37.037
22.4074
16.2963
17.1111
56.4074
84.2963
59.4444
85.8148
80.2222
79.8889
77.5556
135.963
276.037
329
422.889
538
615.556
766.481
869.519
869
913.111
886.407
949.481
1041.26
1000.07
982.333
936.222
955.556
896.963
840.259
826.333
783.259
840.148
807.296
696.852
600.37
563.074
562.407
560
502.037
467.63
456.037
424.481
440.889
382.222
390.444
362.667
346.333
348.667
313.148
384.444
400.963
401.259
387.148
345.519
368.185
341
273.815
222.37
231.667
219.926
232.741
187.704
151
190.556
266.222
258.815
277.593
271.593
298.407
427.37
380.63
340.741
312.63
324.889
322.148
279.259
255.37
310.926
198.037
241.296
206.704
166.741
175.815
129.333
163.037
130.074
149.926
231.481
196.815
188.259
249
328.259
278.296
252.074
220.704
287.889
254.889
264.852
236.593
223.593
149.593
176.111
135.815
154.481
166.556
165.333
160
133.074
158.333
163.333
129.704
114.259
137.778
114.63
108
101.519
87.8148
108.778
110.667
146.259
91.5556
136.889
155.593
108.63
109.741
147.556
117.963
95.7778
127.926
69.3704
55.2963
67.5556
60.1111
44.3333
34
18.8148
46.1481
34.8148
32.5556
71.8519
57.2593
80.2222
77.3704
52.6296
105.667
102.667
123.741
112.889
149.148
138.704
138.296
127.519
179.296
159.111
124.704
104.593
53.1111
64.4815
53.3333
36.5556
86.8148
86.7407
134.556
195.815
188.296
177.222
168.852
188.741
228.481
195
172.037
160.704
183.259
184.407
215.926
190.704
204.704
252.37
286.481
286.185
334.148
347.111
337.148
347.852
316.741
316.519
320.259
250
412.407
349.259
332.259
448.407
347.519
320.63
348.778
348.741
240.741
267.148
283.778
286.519
211.037
162.889
261.556
190.926
233.444
287.593
252.259
240
195.63
208.259
222.556
200.778
252.778
204.815
273.481
327.037
296.074
361.111
436.778
402
336.222
302.481
344.333
354.593
471.852
339.444
338.037
365.963
380.741
367.704
335.926
321.407
306.519
254.926
182.778
161.481
274.037
367.519
479.074
635.926
655.259
605.185
600.593
558.259
578.333
615.444
591.148
667.222
666.963
650.704
652.815
853.296
972.815
1015.41
953.444
954.037
833.296
850.741
874.481
885.296
883.074
844.037
828.704
772.926
729.074
747.333
715.815
690.074
735
728.667
679.481
660
678.63
659.63
647.222
591.481
600.926
644
710
705.963
730.037
704.333
619.37
639.63
575.519
619.333
588.704
593.704
603.37
648.852
627.444
531.889
522.852
506.741
436.185
422.963
427.704
402.407
462.111
495.63
476.37
439.704
453.852
520.259
479.333
404.148
420.296
419.296
327.407
351.519
342.481
324.407
278.667
350.296
220.519
273.111
331.148
271.889
178
167.148
158.667
146.852
185.222
195.815
142.296
134.926
173.296
151.037
138.593
151.481
106.407
129.481
97.7037
122.889
109.481
169.148
165.407
277.259
210.889
307.926
312.741
321.185
379.37
399.296
375.407
364.852
361.407
325.704
320.259
249.63
265.778
188.704
277.556
246.889
238.63
179.593
191.815
184.63
110.704
136.852
92.5926
69.5926
100.111
57.1481
59.4074
96.7037
128.444
113
97.8889
111.704
90.0741
24.4444
31.2593
79.1111
57.1481
69.4074
17.4074
60.4444
33.8889
10.8148
42.8889
54.2963
51.2222
46.2593
58.8889
46.4815
69.0741
39.2963
36.5556
47.4074
30.2963
48.1852
46.963
63.6296
51.5556
41.037
48.7778
16.3704
44.7778
25.5556
36.2593
93.5185
96.4815
27.5926
40.963
95.8889
122.556
99.1111
105.519
179.704
159.556
69.4444
88.6667
62.963
73.5556
103.519
82.7778
80
40.037
63.8889
46.4074
61.7037
50.2593
75.7407
45.4444
51.037
57.2963
48.3333
95.1481
111.037
87.1111
21.4815
32.3333
89.3704
76.3704
85.5185
90.4074
59.3704
101.37
82.963
89.1852
33.4815
24.8519
43.2593
27.9259
49.7407
28.037
30.7778
73
104.037
80.6667
101.37
147.222
165.37
212.741
279.037
269.074
273.37
275.593
253.926
228.852
244.148
175.778
146.667
202.407
151.259
182.741
163.407
175
151.852
72.3333
109.926
104.444
66.4074
149.296
95.7407
160.481
193.852
156.889
134.444
195.407
133.222
129.37
148.926
128.185
187.037
99.3333
121.259
144.741
188.259
170.667
114.926
163.148
178.63
206.889
190.926
106.296
106.148
163.444
122
101.111
120.519
143.667
98.037
76.037
51.5926
60.963
96.1111
90.5926
85.3704
119.296
233.333
326.037
293.519
319.519
279.296
264.111
219.852
328.222
354.37
335.519
264.185
210.741
292.37
204.259
220.37
204.222
169.407
203.667
189.037
159.556
142.778
148.704
86.4815
118.815
74.963
93
102.185
151.926
158.63
209.519
130.704
118.333
106.111
89.9259
87.7778
89.4074
122.481
45.9259
99.8148
107.185
113.63
100.111
42.3704
102.185
135.926
159.481
160.704
58.7778
156.63
191.259
216.741
216.444
190.852
222.037
197.074
180.111
153.556
155.593
132.593
152
134.481
122.852
95.4444
97.2222
74.1111
89.9259
100.815
87.5185
54.5556
65.037
55.7037
57.4444
31.2222
63
54.4815
40.3704
51.3704
34.8519
50.0741
81.1852
92.7407
64.1481
50.7778
60.037
67.2593
103
216.556
292.741
326.074
350.37
392.296
409.037
405.926
396.704
387.185
450.407
513.259
526.815
516.889
501.815
460.074
494.667
508.667
568.333
532.926
539.815
520.296
526.593
492.852
455.889
428.667
426.037
396
360.815
412.296
409.37
421.63
413.667
429.704
450.37
429.111
408.741
360.333
357.37
383.593
398.296
431.37
464.741
509.741
613.185
646.259
606.704
616.667
589.481
529.889
474.074
458.741
448.074
390.926
332.333
305.704
258.185
216.556
198.37
203.556
224.148
233.111
305.259
301.185
352.667
304.481
336.333
314.444
373.63
300.296
381.593
366.889
284.704
305.667
361.259
347
380.778
369.852
352.148
318.63
307.407
305.519
239.333
320.704
265.889
253.741
291
251.111
216.852
151.815
135.444
185.074
157.148
181.111
148
106.556
89.4815
122.037
81.4815
78.963
68.8148
90.5185
85.3333
112.074
35.4815
29.963
95.7407
51.0741
125.889
113.815
131.222
136.037
144.481
137.333
122.741
152.926
86.2222
40.7037
95.1111
39.4444
38.1481
45.2963
105.148
80.037
99.6296
29.1111
19.037
25.3704
17.6667
11.9259
30.9259
65.7407
67.1111
23.1111
19.1111
43.2222
10.6296
70.037
49.1111
61.3333
24.3704
6.85185
61.7037
16.7037
30.0741
19.2222
42.3704
7.40741
40.1852
14.3704
38.7778
27.5926
38.8519
